$ 1 0.000005 10.20027730826997 50 5 43 5e-11
w 736 432 704 432 0
v 224 720 224 704 0 0 40 5 0 0 0.5
g 224 720 224 736 0 0
I 320 720 352 720 0 0.5 5
I 368 720 400 720 0 0.5 5
I 416 720 448 720 0 0.5 5
I 464 720 496 720 0 0.5 5
I 512 720 544 720 0 0.5 5
w 512 720 496 720 0
w 464 720 448 720 0
w 416 720 400 720 0
w 368 720 352 720 0
w 320 720 304 720 0
w 304 720 304 704 0
w 304 704 304 688 0
w 304 688 544 688 0
150 544 704 608 704 0 2 0 5
w 304 704 288 704 0
w 288 704 224 704 0
w 608 704 640 704 0
g 976 384 976 400 0 0
v 976 384 976 368 0 0 40 5 0 0 0.5
180 944 304 1008 304 0 0.1 10000000000 100000000
w 944 304 864 304 0
s 976 368 976 320 0 1 false
w 1040 304 1008 304 0
s -48 512 32 512 0 0 false
w -80 32 -80 144 0
w 400 32 -80 32 0
w 400 0 400 32 0
w -80 224 -80 144 0
w 400 224 -80 224 0
w 400 192 400 224 0
w 496 0 400 0 0
w 560 0 528 0 0
g 560 -48 560 -64 0 0
v 560 -48 560 0 0 0 40 5 0 0 0.5
s 976 160 1040 160 0 1 false
w 960 176 960 160 0
v 960 192 960 176 0 0 40 5 0 0 0.5
g 960 192 960 208 0 0
w 976 160 960 160 0
x 1016 148 1065 151 4 24 BUS
w 1040 304 1040 560 0
w 992 560 1040 560 0
w 1040 304 1040 160 0
w -48 560 992 560 0
w -48 512 -48 560 0
w -48 400 -16 400 0
w -48 192 -48 400 0
w -32 192 -48 192 0
w 144 192 -32 192 0
w 144 192 144 176 0
w 64 400 16 400 0
w 48 544 864 544 0
w 48 496 48 544 0
w 48 496 64 496 0
x -29 374 36 377 4 24 LOAD
x -17 486 20 489 4 24 BIT
x 63 488 81 491 4 24 Q
x 150 375 276 378 4 24 Feedbacker
w 448 448 480 448 0
w 224 512 32 512 0
w 144 496 64 496 0
w 144 432 144 496 0
w 224 432 144 432 0
w 304 496 288 496 0
w 304 464 304 496 0
w 368 464 304 464 0
w 304 416 288 416 0
w 304 432 304 416 0
w 368 432 304 432 0
w 112 480 224 480 0
w 112 400 112 480 0
w 112 400 64 400 0
w 112 400 144 400 0
I 144 400 224 400 0 0.5 5
150 224 496 288 496 0 2 0 5
150 224 416 288 416 0 2 0 5
152 368 448 448 448 0 2 0 5
w 864 304 864 544 0
w 832 240 784 240 0
w 832 192 832 240 0
w 816 192 832 192 0
w 784 192 816 192 0
w 464 240 448 240 0
w 464 240 784 240 0
g 144 128 144 112 0 0
v 144 128 144 176 0 0 40 5 0 0 0.5
s -16 400 16 400 0 0 false
w 464 192 400 192 0
w 448 256 448 240 0
w 448 352 448 256 0
w 480 352 448 352 0
x 487 -17 533 -14 4 24 CLK
w 480 192 464 192 0
s 496 0 528 0 0 0 true
w 544 352 496 352 0
w 480 352 496 352 0
150 720 192 784 192 0 2 0 5
w 480 176 720 176 0
w 480 192 480 176 0
w 480 208 480 192 0
w 496 208 480 208 0
w 544 208 528 208 0
w 592 208 576 208 0
w 640 208 624 208 0
w 688 208 672 208 0
I 688 208 720 208 0 0.5 5
I 640 208 672 208 0 0.5 5
I 592 208 624 208 0 0.5 5
I 544 208 576 208 0 0.5 5
I 496 208 528 208 0 0.5 5
w 592 352 544 352 0
x 571 341 617 344 4 24 CLK
x 816 452 834 455 6 24 Q
x 815 295 833 298 4 24 Q
x 731 278 748 281 4 24 R
w 480 336 480 448 0
w 640 448 480 448 0
w 640 272 480 272 0
I 480 336 480 272 0 0.5 5
w 624 304 640 304 0
w 624 352 624 304 0
w 624 416 640 416 0
w 624 352 624 416 0
w 592 352 624 352 0
150 640 432 704 432 0 2 0 5
150 640 288 704 288 0 2 0 5
w 832 304 864 304 0
153 736 304 832 304 0 2 0 5
153 736 416 832 416 0 2 5 5
w 832 304 832 336 0
w 832 336 832 352 0
w 832 352 704 352 0
w 704 352 704 384 0
w 832 416 832 384 0
w 704 384 704 400 0
w 704 400 736 400 0
w 832 384 832 368 0
w 832 368 720 368 0
w 720 368 720 320 0
w 720 320 736 320 0
180 672 704 736 704 0 0.1 10000000000 100000000
w 640 704 640 736 0
w 704 720 704 736 0
w 704 736 640 736 0
w 672 704 640 704 0
w 672 624 640 624 0
w 704 656 640 656 0
w 704 640 704 656 0
w 640 624 640 656 0
180 672 624 736 624 0 0.1 10000000000 100000000
w 608 624 640 624 0
w 736 288 736 624 0
w 736 624 736 704 0
w 704 288 720 288 0
w 720 288 720 592 0
w 720 592 608 592 0
w 608 592 608 624 0
o 154 64 0 4099 5 0.00009765625 0 2 154 3
o 158 64 0 4099 5 0.00009765625 1 2 158 3
