$ 1 0.000005 10.20027730826997 50 5 43 5e-11
w 496 1616 496 1648 0
w 608 1616 496 1616 0
w 624 1648 624 1728 0
w 496 1648 528 1648 0
180 560 1648 624 1648 0 0.1 10000000000 100000000
w 528 1648 528 1680 0
w 592 1664 592 1680 0
w 592 1680 528 1680 0
w 560 1648 528 1648 0
w 560 1728 528 1728 0
w 592 1760 528 1760 0
w 592 1744 592 1760 0
w 528 1728 528 1760 0
180 560 1728 624 1728 0 0.1 10000000000 100000000
w 496 1728 528 1728 0
w 176 1728 112 1728 0
w 192 1728 176 1728 0
150 432 1728 496 1728 0 2 0 5
w 192 1712 432 1712 0
w 192 1728 192 1712 0
w 192 1744 192 1728 0
w 208 1744 192 1744 0
w 256 1744 240 1744 0
w 304 1744 288 1744 0
w 352 1744 336 1744 0
w 400 1744 384 1744 0
I 400 1744 432 1744 0 0.5 5
I 352 1744 384 1744 0 0.5 5
I 304 1744 336 1744 0 0.5 5
I 256 1744 288 1744 0 0.5 5
I 208 1744 240 1744 0 0.5 5
g 112 1744 112 1760 0 0
v 112 1744 112 1728 0 0 40 5 0 0 0.5
w 672 384 688 384 0
w 672 384 640 384 0
w 672 336 672 384 0
w 688 304 656 304 0
w 720 384 688 384 0
w 752 384 784 384 0
r 720 384 752 384 0 10000
v 608 384 624 384 0 0 40 5 0 0 0.5
g 608 384 592 384 0 0
c 624 384 640 384 0 1e-9 1.7763568394002505e-15 0.001
w 672 336 688 336 0
w 784 400 784 384 0
w 656 416 688 416 0
w 656 400 656 416 0
w 784 432 784 400 0
w 656 368 656 400 0
w 784 368 656 368 0
w 784 352 784 368 0
w 784 320 784 352 0
153 688 432 784 432 0 2 5 5
153 688 320 784 320 0 2 0 5
w 784 320 816 320 0
150 592 304 656 304 0 2 0 5
150 592 448 656 448 0 2 0 5
w 544 368 576 368 0
w 576 368 576 432 0
w 576 432 592 432 0
w 576 368 576 320 0
w 576 320 592 320 0
I 432 352 432 288 0 0.5 5
w 592 288 432 288 0
w 592 464 432 464 0
w 432 352 432 464 0
x 683 294 700 297 4 24 R
x 686 472 702 475 4 24 S
x 767 311 785 314 4 24 Q
x 768 468 786 471 6 24 Q
x 523 357 569 360 4 24 CLK
w 544 368 496 368 0
I 448 224 480 224 0 0.5 5
I 496 224 528 224 0 0.5 5
I 544 224 576 224 0 0.5 5
I 592 224 624 224 0 0.5 5
I 640 224 672 224 0 0.5 5
w 640 224 624 224 0
w 592 224 576 224 0
w 544 224 528 224 0
w 496 224 480 224 0
w 448 224 432 224 0
w 432 224 432 208 0
w 432 208 432 192 0
w 432 192 672 192 0
150 672 208 736 208 0 2 0 5
w 432 368 448 368 0
w 496 368 448 368 0
w 432 208 416 208 0
x 355 201 401 204 4 24 CLK
w 432 368 400 368 0
w 400 368 400 272 0
w 400 272 400 256 0
w 416 208 352 208 0
w 656 448 688 448 0
w 416 256 736 256 0
w 416 256 400 256 0
w 736 208 768 208 0
w 768 208 784 208 0
w 784 208 784 256 0
w 784 256 736 256 0
w 816 320 816 560 0
152 320 464 400 464 0 2 0 5
150 176 432 240 432 0 2 0 5
150 176 512 240 512 0 2 0 5
I 96 416 176 416 0 0.5 5
w 64 416 96 416 0
w 64 416 16 416 0
w 64 416 64 496 0
w 64 496 176 496 0
w 320 448 256 448 0
w 256 448 256 432 0
w 256 432 240 432 0
w 320 480 256 480 0
w 256 480 256 512 0
w 256 512 240 512 0
w 176 448 96 448 0
w 96 448 96 512 0
w 96 512 16 512 0
w 176 528 -64 528 0
w 400 464 432 464 0
x 102 391 228 394 4 24 Feedbacker
x 15 504 33 507 4 24 Q
x -62 518 -38 521 4 24 IN
x -63 405 -24 408 4 24 WR
w 0 512 16 512 0
w 0 512 0 560 0
w 0 560 816 560 0
w 16 416 -64 416 0
w 992 320 960 320 0
w 896 320 816 320 0
180 896 320 960 320 0 0.1 10000000000 100000000
w 928 336 928 384 0
x 945 312 995 315 4 24 OUT
x 934 381 967 384 4 24 EN
207 -64 416 -112 416 4 WR
207 -64 528 -112 528 4 IN
207 352 208 304 208 4 CLK
207 928 384 928 432 4 EN
207 992 320 1040 320 4 OUT
