$ 1 0.000005 0.6798259793203881 50 5 50 5e-11
w 720 320 736 320 0
w 720 368 720 320 0
w 832 368 720 368 0
w 832 384 832 368 0
w 704 400 736 400 0
w 704 384 704 400 0
w 832 416 832 384 0
w 704 352 704 384 0
w 832 352 704 352 0
w 832 336 832 352 0
w 832 304 832 336 0
153 736 416 832 416 0 2 5 5
153 736 304 832 304 0 2 5 5
w 832 304 864 304 0
w 832 416 864 416 0
r 864 416 912 416 0 220
g 912 416 928 416 0 0
150 640 288 704 288 0 2 0 5
150 640 432 704 432 0 2 0 5
w 592 352 624 352 0
w 624 352 624 416 0
w 624 416 640 416 0
w 624 352 624 304 0
w 624 304 640 304 0
I 480 336 480 272 0 0.5 5
w 640 272 480 272 0
w 640 448 480 448 0
w 480 336 480 448 0
x 731 278 748 281 4 24 R
x 734 456 750 459 4 24 S
x 815 295 833 298 4 24 Q
x 816 452 834 455 6 24 Q
x 583 345 629 348 4 24 CLK
w 592 352 544 352 0
I 496 208 528 208 0 0.5 5
I 544 208 576 208 0 0.5 5
I 592 208 624 208 0 0.5 5
I 640 208 672 208 0 0.5 5
I 688 208 720 208 0 0.5 5
w 688 208 672 208 0
w 640 208 624 208 0
w 592 208 576 208 0
w 544 208 528 208 0
w 496 208 480 208 0
w 480 208 480 192 0
w 480 192 480 176 0
w 480 176 720 176 0
150 720 192 784 192 0 2 0 5
w 480 352 496 352 0
w 544 352 496 352 0
s 368 192 400 192 0 1 false
w 480 192 464 192 0
x 359 175 405 178 4 24 CLK
w 480 352 448 352 0
w 448 352 448 256 0
w 448 256 448 240 0
w 464 192 400 192 0
s -16 400 16 400 0 0 false
v 144 128 144 176 0 0 40 5 0 0 0.5
g 144 128 144 112 0 0
w 704 288 736 288 0
w 704 432 736 432 0
w 464 240 784 240 0
w 464 240 448 240 0
w 784 192 816 192 0
w 816 192 832 192 0
w 832 192 832 240 0
w 832 240 784 240 0
w 864 304 864 544 0
152 368 448 448 448 0 2 0 5
150 224 416 288 416 0 2 0 5
150 224 496 288 496 0 2 0 5
I 144 400 224 400 0 0.5 5
w 112 400 144 400 0
w 112 400 64 400 0
w 112 400 112 480 0
w 112 480 224 480 0
w 368 432 304 432 0
w 304 432 304 416 0
w 304 416 288 416 0
w 368 464 304 464 0
w 304 464 304 496 0
w 304 496 288 496 0
w 224 432 144 432 0
w 144 432 144 496 0
w 144 496 64 496 0
w 224 512 64 512 0
w 448 448 480 448 0
x 150 375 276 378 4 24 Feedbacker
x 63 488 81 491 4 24 Q
x -17 486 20 489 4 24 BIT
x -29 374 36 377 4 24 LOAD
w 48 496 64 496 0
w 48 496 48 544 0
w 48 544 864 544 0
w 64 400 16 400 0
w 64 512 16 512 0
s -16 512 16 512 0 1 false
w 368 192 144 192 0
w 144 192 144 176 0
w 144 192 -32 192 0
w -32 192 -48 192 0
w -48 192 -48 400 0
w -48 400 -16 400 0
w -48 400 -48 512 0
w -48 512 -16 512 0
w -48 976 -16 976 0
w -48 864 -48 976 0
w -48 864 -16 864 0
w -48 656 -48 864 0
w -32 656 -48 656 0
w 144 656 -32 656 0
w 144 656 144 640 0
w 368 656 144 656 0
s -16 976 16 976 0 0 false
w 64 976 16 976 0
w 64 864 16 864 0
w 48 1008 864 1008 0
w 48 960 48 1008 0
w 48 960 64 960 0
x -29 838 36 841 4 24 LOAD
x -17 950 20 953 4 24 BIT
x 63 952 81 955 4 24 Q
x 150 839 276 842 4 24 Feedbacker
w 448 912 480 912 0
w 224 976 64 976 0
w 144 960 64 960 0
w 144 896 144 960 0
w 224 896 144 896 0
w 304 960 288 960 0
w 304 928 304 960 0
w 368 928 304 928 0
w 304 880 288 880 0
w 304 896 304 880 0
w 368 896 304 896 0
w 112 944 224 944 0
w 112 864 112 944 0
w 112 864 64 864 0
w 112 864 144 864 0
I 144 864 224 864 0 0.5 5
150 224 960 288 960 0 2 5 5
150 224 880 288 880 0 2 0 5
152 368 912 448 912 0 2 5 5
w 864 768 864 1008 0
w 832 704 784 704 0
w 832 656 832 704 0
w 816 656 832 656 0
w 784 656 816 656 0
w 464 704 448 704 0
w 464 704 784 704 0
w 704 896 736 896 0
w 704 752 736 752 0
g 144 592 144 576 0 0
v 144 592 144 640 0 0 40 5 0 0 0.5
s -16 864 16 864 0 0 false
w 464 656 400 656 0
w 448 720 448 704 0
w 448 816 448 720 0
w 480 816 448 816 0
x 359 639 405 642 4 24 CLK
w 480 656 464 656 0
s 368 656 400 656 0 1 false
w 544 816 496 816 0
w 480 816 496 816 0
150 720 656 784 656 0 2 0 5
w 480 640 720 640 0
w 480 656 480 640 0
w 480 672 480 656 0
w 496 672 480 672 0
w 544 672 528 672 0
w 592 672 576 672 0
w 640 672 624 672 0
w 688 672 672 672 0
I 688 672 720 672 0 0.5 5
I 640 672 672 672 0 0.5 5
I 592 672 624 672 0 0.5 5
I 544 672 576 672 0 0.5 5
I 496 672 528 672 0 0.5 5
w 592 816 544 816 0
x 583 809 629 812 4 24 CLK
x 816 916 834 919 6 24 Q
x 815 759 833 762 4 24 Q
x 734 920 750 923 4 24 S
x 731 742 748 745 4 24 R
w 480 800 480 912 0
w 640 912 480 912 0
w 640 736 480 736 0
I 480 800 480 736 0 0.5 5
w 624 768 640 768 0
w 624 816 624 768 0
w 624 880 640 880 0
w 624 816 624 880 0
w 592 816 624 816 0
150 640 896 704 896 0 2 0 5
150 640 752 704 752 0 2 0 5
g 912 880 928 880 0 0
r 864 880 912 880 0 220
w 832 880 864 880 0
w 832 768 864 768 0
153 736 768 832 768 0 2 5 5
153 736 880 832 880 0 2 5 5
w 832 768 832 800 0
w 832 800 832 816 0
w 832 816 704 816 0
w 704 816 704 848 0
w 832 880 832 848 0
w 704 848 704 864 0
w 704 864 736 864 0
w 832 848 832 832 0
w 832 832 720 832 0
w 720 832 720 784 0
w 720 784 736 784 0
w 1040 176 1040 304 0
w 1040 304 1040 768 0
w 1040 768 1040 1040 0
d 1248 736 1248 784 2 default
x 1145 823 1161 826 4 24 B
x 1146 692 1162 695 4 24 A
w 1296 784 1328 784 0
d 1248 784 1248 832 2 default
w 1248 784 1296 784 0
t 1184 848 1248 848 0 1 -4.527072532891832 0.21828570006783687 100 default
w 1248 864 1248 912 0
s 1120 848 1184 848 0 1 false
r 1184 720 1184 752 0 1000
w 1248 928 1248 912 0
r 1248 928 1248 960 0 1000
g 1248 960 1248 976 0 0
g 1184 752 1184 768 0 0
s 1120 720 1184 720 0 1 false
w 1248 704 1248 656 0
t 1184 720 1248 720 0 1 -2.3227500868611055 -4.745500173796882 100 default
w 864 768 864 736 0
w 864 736 864 608 0
w 864 608 1248 608 0
w 1040 768 1056 768 0
w 1328 784 1328 1008 0
w 1328 1008 1072 1008 0
w 1072 1008 1072 768 0
w 1072 768 1056 768 0
w 1056 304 1040 304 0
w 1056 544 1056 304 0
w 1312 544 1056 544 0
w 1312 320 1312 544 0
t 1168 256 1232 256 0 1 0.23628439064918272 0.25421429232795223 100 default
w 1232 240 1232 192 0
s 1104 256 1168 256 0 0 false
g 1168 288 1168 304 0 0
g 1232 496 1232 512 0 0
r 1232 464 1232 496 0 1000
w 1232 464 1232 448 0
r 1168 256 1168 288 0 1000
s 1104 384 1168 384 0 1 false
w 1232 400 1232 448 0
t 1168 384 1232 384 0 1 -4.527072535519503 0.21828569745427573 100 default
w 1088 384 1104 384 0
w 1232 320 1280 320 0
d 1232 320 1232 368 2 default
w 1280 320 1312 320 0
x 1130 228 1146 231 4 24 A
x 1129 359 1145 362 4 24 B
d 1232 272 1232 320 2 default
w 864 304 864 160 0
w 1232 144 864 144 0
w 864 144 864 160 0
g 1088 416 1088 432 0 0
v 1088 416 1088 400 0 0 40 5 0 0 0.5
w 1088 400 1088 384 0
w 1104 864 1104 848 0
v 1104 880 1104 864 0 0 40 5 0 0 0.5
g 1104 880 1104 896 0 0
w 1104 848 1120 848 0
w 1088 272 1088 256 0
v 1088 288 1088 272 0 0 40 5 0 0 0.5
g 1088 288 1088 304 0 0
w 1104 736 1104 720 0
v 1104 752 1104 736 0 0 40 5 0 0 0.5
g 1104 752 1104 768 0 0
w 1120 720 1104 720 0
w 1104 256 1088 256 0
