$ 1 0.000005 0.6798259793203881 50 5 50 5e-11
w 720 320 736 320 0
w 720 368 720 320 0
w 832 368 720 368 0
w 832 384 832 368 0
w 704 400 736 400 0
w 704 384 704 400 0
w 832 416 832 384 0
w 704 352 704 384 0
w 832 352 704 352 0
w 832 336 832 352 0
w 832 304 832 336 0
153 736 416 832 416 0 2 5 5
153 736 304 832 304 0 2 0 5
w 832 304 864 304 0
w 832 416 864 416 0
r 864 416 912 416 0 220
g 912 416 928 416 0 0
150 640 288 704 288 0 2 0 5
150 640 432 704 432 0 2 0 5
w 592 352 624 352 0
w 624 352 624 416 0
w 624 416 640 416 0
w 624 352 624 304 0
w 624 304 640 304 0
I 480 336 480 272 0 0.5 5
w 640 272 480 272 0
w 640 448 480 448 0
w 480 336 480 448 0
x 731 278 748 281 4 24 R
x 734 456 750 459 4 24 S
x 815 295 833 298 4 24 Q
x 816 452 834 455 6 24 Q
x 571 341 617 344 4 24 CLK
w 592 352 544 352 0
I 496 208 528 208 0 0.5 5
I 544 208 576 208 0 0.5 5
I 592 208 624 208 0 0.5 5
I 640 208 672 208 0 0.5 5
I 688 208 720 208 0 0.5 5
w 688 208 672 208 0
w 640 208 624 208 0
w 592 208 576 208 0
w 544 208 528 208 0
w 496 208 480 208 0
w 480 208 480 192 0
w 480 192 480 176 0
w 480 176 720 176 0
150 720 192 784 192 0 2 0 5
w 480 352 496 352 0
w 544 352 496 352 0
s 496 0 528 0 0 0 true
w 480 192 464 192 0
x 487 -17 533 -14 4 24 CLK
w 480 352 448 352 0
w 448 352 448 256 0
w 448 256 448 240 0
w 464 192 400 192 0
s -16 400 16 400 0 0 false
v 144 128 144 176 0 0 40 5 0 0 0.5
g 144 128 144 112 0 0
w 704 288 736 288 0
w 704 432 736 432 0
w 464 240 784 240 0
w 464 240 448 240 0
w 784 192 816 192 0
w 816 192 832 192 0
w 832 192 832 240 0
w 832 240 784 240 0
w 864 304 864 544 0
152 368 448 448 448 0 2 0 5
150 224 416 288 416 0 2 0 5
150 224 496 288 496 0 2 0 5
I 144 400 224 400 0 0.5 5
w 112 400 144 400 0
w 112 400 64 400 0
w 112 400 112 480 0
w 112 480 224 480 0
w 368 432 304 432 0
w 304 432 304 416 0
w 304 416 288 416 0
w 368 464 304 464 0
w 304 464 304 496 0
w 304 496 288 496 0
w 224 432 144 432 0
w 144 432 144 496 0
w 144 496 64 496 0
w 224 512 32 512 0
w 448 448 480 448 0
x 150 375 276 378 4 24 Feedbacker
x 63 488 81 491 4 24 Q
x -17 486 20 489 4 24 BIT
x -29 374 36 377 4 24 LOAD
w 48 496 64 496 0
w 48 496 48 544 0
w 48 544 864 544 0
w 64 400 16 400 0
w 144 192 144 176 0
w 144 192 -32 192 0
w -32 192 -48 192 0
w -48 192 -48 400 0
w -48 400 -16 400 0
w -48 864 -16 864 0
w -48 656 -48 864 0
w -32 656 -48 656 0
w 144 656 -32 656 0
w 144 656 144 640 0
w 64 976 16 976 0
w 64 864 16 864 0
w 48 1008 864 1008 0
w 48 960 48 1008 0
w 48 960 64 960 0
x -29 838 36 841 4 24 LOAD
x -17 950 20 953 4 24 BIT
x 63 952 81 955 4 24 Q
x 150 839 276 842 4 24 Feedbacker
w 448 912 480 912 0
w 224 976 64 976 0
w 144 960 64 960 0
w 144 896 144 960 0
w 224 896 144 896 0
w 304 960 288 960 0
w 304 928 304 960 0
w 368 928 304 928 0
w 304 880 288 880 0
w 304 896 304 880 0
w 368 896 304 896 0
w 112 944 224 944 0
w 112 864 112 944 0
w 112 864 64 864 0
w 112 864 144 864 0
I 144 864 224 864 0 0.5 5
150 224 960 288 960 0 2 0 5
150 224 880 288 880 0 2 0 5
152 368 912 448 912 0 2 0 5
w 864 768 864 1008 0
w 832 704 784 704 0
w 832 656 832 704 0
w 816 656 832 656 0
w 784 656 816 656 0
w 464 704 448 704 0
w 464 704 784 704 0
w 704 896 736 896 0
w 704 752 736 752 0
g 144 592 144 576 0 0
v 144 592 144 640 0 0 40 5 0 0 0.5
s -16 864 16 864 0 1 false
w 464 656 400 656 0
w 448 720 448 704 0
w 448 816 448 720 0
w 480 816 448 816 0
w 480 656 464 656 0
w 544 816 496 816 0
w 480 816 496 816 0
150 720 656 784 656 0 2 0 5
w 480 640 720 640 0
w 480 656 480 640 0
w 480 672 480 656 0
w 496 672 480 672 0
w 544 672 528 672 0
w 592 672 576 672 0
w 640 672 624 672 0
w 688 672 672 672 0
I 688 672 720 672 0 0.5 5
I 640 672 672 672 0 0.5 5
I 592 672 624 672 0 0.5 5
I 544 672 576 672 0 0.5 5
I 496 672 528 672 0 0.5 5
w 592 816 544 816 0
x 571 806 617 809 4 24 CLK
x 816 916 834 919 6 24 Q
x 815 759 833 762 4 24 Q
x 734 920 750 923 4 24 S
x 731 742 748 745 4 24 R
w 480 800 480 912 0
w 640 912 480 912 0
w 640 736 480 736 0
I 480 800 480 736 0 0.5 5
w 624 768 640 768 0
w 624 816 624 768 0
w 624 880 640 880 0
w 624 816 624 880 0
w 592 816 624 816 0
150 640 896 704 896 0 2 0 5
150 640 752 704 752 0 2 0 5
g 912 880 928 880 0 0
r 864 880 912 880 0 220
w 832 880 864 880 0
w 832 768 864 768 0
153 736 768 832 768 0 2 0 5
153 736 880 832 880 0 2 5 5
w 832 768 832 800 0
w 832 800 832 816 0
w 832 816 704 816 0
w 704 816 704 848 0
w 832 880 832 848 0
w 704 848 704 864 0
w 704 864 736 864 0
w 832 848 832 832 0
w 832 832 720 832 0
w 720 832 720 784 0
w 720 784 736 784 0
w 864 768 864 736 0
w 1040 768 1056 768 0
w 1072 768 1056 768 0
w 1056 304 1040 304 0
w 864 304 864 160 0
w 864 144 864 160 0
w -48 512 -48 560 0
w -48 560 992 560 0
w 1040 304 1040 160 0
w 992 560 1040 560 0
w 1040 304 1040 560 0
w 1040 560 1040 768 0
w -48 976 -48 1024 0
w -48 1024 1040 1024 0
w 1040 768 1040 1024 0
x 1016 148 1065 151 4 24 BUS
w 976 160 960 160 0
g 960 192 960 208 0 0
v 960 192 960 176 0 0 40 5 0 0 0.5
w 960 176 960 160 0
s 976 160 1040 160 0 1 false
v 560 -48 560 0 0 0 40 5 0 0 0.5
g 560 -48 560 -64 0 0
w 560 0 528 0 0
w 496 0 400 0 0
w 400 656 272 656 0
w 272 656 272 688 0
w 272 688 -112 688 0
w -112 688 -112 144 0
w 400 192 400 224 0
w 400 224 -80 224 0
w -80 224 -80 144 0
w 400 0 400 32 0
w 400 32 -80 32 0
w -80 32 -80 144 0
w -112 144 -112 0 0
w -112 0 400 0 0
w 864 112 864 144 0
x 1260 295 1310 298 4 24 OUT
g 1248 96 1248 80 0 0
g 1104 320 1104 336 0 0
v 1248 96 1248 128 0 0 40 5 0 0 0.5
w 1104 256 1104 272 0
g 1248 528 1248 544 0 0
x 1119 241 1152 244 6 24 EN
x 1128 164 1152 167 4 24 IN
w 1248 160 1248 128 0
w 1248 368 1248 416 0
w 1248 240 1248 192 0
w 1120 256 1104 256 0
s 1120 256 1152 256 0 1 false
w 1184 256 1152 256 0
w 1184 352 1184 256 0
w 1168 176 1120 176 0
w 1168 432 1184 432 0
w 1168 176 1168 432 0
w 1184 176 1168 176 0
w 1248 496 1248 528 0
w 1248 448 1248 496 0
w 1248 304 1248 272 0
w 1248 336 1248 304 0
w 1248 304 1312 304 0
f 1184 352 1248 352 32 1.5 0.02
f 1184 432 1248 432 32 1.5 0.02
f 1184 256 1248 256 33 1.5 0.02
f 1184 176 1248 176 33 1.5 0.02
v 1104 320 1104 272 0 0 40 5 0 0 0.5
v 1120 880 1120 832 0 0 40 5 0 0 0.5
f 1200 736 1264 736 33 1.5 0.02
f 1200 816 1264 816 33 1.5 0.02
f 1200 992 1264 992 32 1.5 0.02
f 1200 912 1264 912 32 1.5 0.02
w 1264 864 1328 864 0
w 1264 896 1264 864 0
w 1264 864 1264 832 0
w 1264 1008 1264 1056 0
w 1264 1056 1264 1088 0
w 1200 736 1184 736 0
w 1184 736 1184 992 0
w 1184 992 1200 992 0
w 1184 736 1136 736 0
w 1200 912 1200 816 0
w 1200 816 1168 816 0
s 1136 816 1168 816 0 1 false
w 1136 816 1120 816 0
w 1264 800 1264 752 0
w 1264 928 1264 976 0
w 1264 720 1264 688 0
x 1144 724 1168 727 4 24 IN
x 1135 801 1168 804 6 24 EN
g 1264 1088 1264 1104 0 0
w 1120 816 1120 832 0
v 1264 656 1264 688 0 0 40 5 0 0 0.5
g 1120 880 1120 896 0 0
g 1264 656 1264 640 0 0
x 1276 855 1326 858 4 24 OUT
w 1312 304 1312 560 0
w 1312 560 1072 560 0
w 1072 560 1072 304 0
w 1072 304 1056 304 0
w 1072 768 1072 1136 0
w 1072 1136 1328 1136 0
w 1328 1136 1328 864 0
w 1120 176 1120 96 0
w 1120 96 864 96 0
w 864 96 864 112 0
s -48 976 16 976 0 0 false
s -48 512 32 512 0 1 false
w 1136 736 864 736 0
g 848 1152 848 1168 0 0
r 848 1120 848 1152 0 1000
w 1040 1024 1040 1072 0
w 1040 1072 928 1072 0
w 928 1072 928 1120 0
