$ 1 0.000005 0.6798259793203881 50 5 50 5e-11
. 1-bit-register-v3 0 2 3 5 CLK 151 1 2 EN 150 2 2 IN 152 2 3 OUT 149 0 3 WR 153 0 2 TriStateElm\s154\s149\s150\rInverterElm\s153\s159\rAndGateElm\s152\s153\s157\rAndGateElm\s154\s159\s158\rOrGateElm\s157\s158\s156\rAndGateElm\s162\s151\s160\rInverterElm\s166\s162\rInverterElm\s165\s166\rInverterElm\s164\s165\rInverterElm\s163\s164\rInverterElm\s151\s163\rInverterElm\s156\s167\rAndGateElm\s156\s160\s161\rAndGateElm\s160\s167\s168\rNorGateElm\s169\s168\s154\rNorGateElm\s161\s154\s170\rCapacitorElm\s171\s169\rVoltageElm\s0\s171\rResistorElm\s169\s170 0\\s0.1\\s10000000000\\s100000000\s0\\s0.5\\s5\s0\\s2\\s0\\s5\s0\\s2\\s0\\s5\s0\\s2\\s0\\s5\s0\\s2\\s0\\s5\s0\\s0.5\\s5\s0\\s0.5\\s5\s0\\s0.5\\s5\s0\\s0.5\\s5\s0\\s0.5\\s5\s0\\s0.5\\s5\s0\\s2\\s0\\s5\s0\\s2\\s0\\s5\s0\\s2\\s0\\s5\s0\\s2\\s5\\s5\s0\\s1e-9\\s1.7763568394002505e-15\\s0.001\s0\\s0\\s40\\s5\\s0\\s0\\s0.5\s0\\s10000
410 80 128 160 144 1 1-bit-register-v3 0\s0.1\s10000000000\s100000000 0\s0.5\s5 0\s2\s0\s5 0\s2\s0\s5 0\s2\s0\s5 0\s2\s0\s5 0\s0.5\s5 0\s0.5\s5 0\s0.5\s5 0\s0.5\s5 0\s0.5\s5 0\s0.5\s5 0\s2\s0\s5 0\s2\s0\s5 0\s2\s0\s5 0\s2\s5\s5 0\s1e-9\s1.7763568394002505e-15\s0.001 0\s0\s40\s5\s0\s0\s0.5 0\s10000
410 224 128 304 144 1 1-bit-register-v3 0\s0.1\s10000000000\s100000000 0\s0.5\s5 0\s2\s0\s5 0\s2\s0\s5 0\s2\s0\s5 0\s2\s0\s5 0\s0.5\s5 0\s0.5\s5 0\s0.5\s5 0\s0.5\s5 0\s0.5\s5 0\s0.5\s5 0\s2\s0\s5 0\s2\s0\s5 0\s2\s0\s5 0\s2\s5\s5 0\s1e-9\s1.7763568394002505e-15\s0.001 0\s0\s40\s5\s0\s0\s0.5 0\s10000
w 176 96 176 64 0
w 320 48 320 96 0
w 176 64 176 48 0
w 224 128 224 96 0
w 224 160 208 160 0
w 208 160 208 96 0
w 224 192 192 192 0
w 192 192 192 96 0
w 80 128 80 96 0
w 80 160 64 160 0
w 64 160 64 96 0
w 80 192 48 192 0
w 48 192 48 96 0
w 48 96 48 80 0
w 48 80 0 80 0
w 64 96 64 64 0
w 80 96 80 48 0
w 80 48 0 48 0
w 192 80 192 96 0
w 64 64 208 64 0
w 176 48 176 0 0
w 80 48 224 48 0
w 320 48 320 0 0
w 608 48 608 0 0
w 368 48 512 48 0
w 464 48 464 0 0
w 512 96 512 48 0
w 496 64 496 96 0
w 352 64 496 64 0
w 480 80 480 96 0
w 336 80 480 80 0
w 368 48 288 48 0
w 368 96 368 48 0
w 352 64 288 64 0
w 352 96 352 64 0
w 336 80 288 80 0
w 336 96 336 80 0
w 336 192 336 96 0
w 368 192 336 192 0
w 352 160 352 96 0
w 368 160 352 160 0
w 368 128 368 96 0
w 480 192 480 96 0
w 512 192 480 192 0
w 496 160 496 96 0
w 512 160 496 160 0
w 512 128 512 96 0
w 464 64 464 48 0
w 608 48 608 96 0
w 464 96 464 64 0
410 512 128 592 144 1 1-bit-register-v3 0\s0.1\s10000000000\s100000000 0\s0.5\s5 0\s2\s0\s5 0\s2\s0\s5 0\s2\s0\s5 0\s2\s0\s5 0\s0.5\s5 0\s0.5\s5 0\s0.5\s5 0\s0.5\s5 0\s0.5\s5 0\s0.5\s5 0\s2\s0\s5 0\s2\s0\s5 0\s2\s0\s5 0\s2\s5\s5 0\s1e-9\s1.7763568394002505e-15\s0.001 0\s0\s40\s5\s0\s0\s0.5 0\s10000
410 368 128 448 144 1 1-bit-register-v3 0\s0.1\s10000000000\s100000000 0\s0.5\s5 0\s2\s0\s5 0\s2\s0\s5 0\s2\s0\s5 0\s2\s0\s5 0\s0.5\s5 0\s0.5\s5 0\s0.5\s5 0\s0.5\s5 0\s0.5\s5 0\s0.5\s5 0\s2\s0\s5 0\s2\s0\s5 0\s2\s0\s5 0\s2\s5\s5 0\s1e-9\s1.7763568394002505e-15\s0.001 0\s0\s40\s5\s0\s0\s0.5 0\s10000
w 896 48 896 0 0
w 656 48 800 48 0
w 752 48 752 0 0
w 800 96 800 48 0
w 784 64 784 96 0
w 640 64 784 64 0
w 768 80 768 96 0
w 624 80 768 80 0
w 656 48 576 48 0
w 656 96 656 48 0
w 640 64 576 64 0
w 640 96 640 64 0
w 624 80 576 80 0
w 624 96 624 80 0
w 624 192 624 96 0
w 656 192 624 192 0
w 640 160 640 96 0
w 656 160 640 160 0
w 656 128 656 96 0
w 768 192 768 96 0
w 800 192 768 192 0
w 784 160 784 96 0
w 800 160 784 160 0
w 800 128 800 96 0
w 752 64 752 48 0
w 896 48 896 96 0
w 752 96 752 64 0
410 800 128 880 144 1 1-bit-register-v3 0\s0.1\s10000000000\s100000000 0\s0.5\s5 0\s2\s0\s5 0\s2\s0\s5 0\s2\s0\s5 0\s2\s0\s5 0\s0.5\s5 0\s0.5\s5 0\s0.5\s5 0\s0.5\s5 0\s0.5\s5 0\s0.5\s5 0\s2\s0\s5 0\s2\s0\s5 0\s2\s0\s5 0\s2\s5\s5 0\s1e-9\s1.7763568394002505e-15\s0.001 0\s0\s40\s5\s0\s0\s0.5 0\s10000
410 656 128 736 144 1 1-bit-register-v3 0\s0.1\s10000000000\s100000000 0\s0.5\s5 0\s2\s0\s5 0\s2\s0\s5 0\s2\s0\s5 0\s2\s0\s5 0\s0.5\s5 0\s0.5\s5 0\s0.5\s5 0\s0.5\s5 0\s0.5\s5 0\s0.5\s5 0\s2\s0\s5 0\s2\s0\s5 0\s2\s0\s5 0\s2\s5\s5 0\s1e-9\s1.7763568394002505e-15\s0.001 0\s0\s40\s5\s0\s0\s0.5 0\s10000
w 1184 48 1184 0 0
w 944 48 1088 48 0
w 1040 48 1040 0 0
w 1088 96 1088 48 0
w 1072 64 1072 96 0
w 928 64 1072 64 0
w 1056 80 1056 96 0
w 912 80 1056 80 0
w 944 48 864 48 0
w 944 96 944 48 0
w 928 64 864 64 0
w 928 96 928 64 0
w 912 80 864 80 0
w 912 96 912 80 0
w 912 192 912 96 0
w 944 192 912 192 0
w 928 160 928 96 0
w 944 160 928 160 0
w 944 128 944 96 0
w 1056 192 1056 96 0
w 1088 192 1056 192 0
w 1072 160 1072 96 0
w 1088 160 1072 160 0
w 1088 128 1088 96 0
w 1040 64 1040 48 0
w 1184 48 1184 96 0
w 1040 96 1040 64 0
410 1088 128 1168 144 1 1-bit-register-v3 0\s0.1\s10000000000\s100000000 0\s0.5\s5 0\s2\s0\s5 0\s2\s0\s5 0\s2\s0\s5 0\s2\s0\s5 0\s0.5\s5 0\s0.5\s5 0\s0.5\s5 0\s0.5\s5 0\s0.5\s5 0\s0.5\s5 0\s2\s0\s5 0\s2\s0\s5 0\s2\s0\s5 0\s2\s5\s5 0\s1e-9\s1.7763568394002505e-15\s0.001 0\s0\s40\s5\s0\s0\s0.5 0\s10000
410 944 128 1024 144 1 1-bit-register-v3 0\s0.1\s10000000000\s100000000 0\s0.5\s5 0\s2\s0\s5 0\s2\s0\s5 0\s2\s0\s5 0\s2\s0\s5 0\s0.5\s5 0\s0.5\s5 0\s0.5\s5 0\s0.5\s5 0\s0.5\s5 0\s0.5\s5 0\s2\s0\s5 0\s2\s0\s5 0\s2\s0\s5 0\s2\s5\s5 0\s1e-9\s1.7763568394002505e-15\s0.001 0\s0\s40\s5\s0\s0\s0.5 0\s10000
w 576 48 512 48 0
w 576 64 496 64 0
w 576 80 480 80 0
w 864 48 800 48 0
w 864 64 784 64 0
w 864 80 768 80 0
g 176 -64 176 -80 0 0
v 176 -64 176 -32 0 0 40 5 0 0 0.5
s 176 -32 176 0 0 1 false
s 320 -32 320 0 0 1 false
v 320 -64 320 -32 0 0 40 5 0 0 0.5
g 320 -64 320 -80 0 0
s 464 -32 464 0 0 1 false
v 464 -64 464 -32 0 0 40 5 0 0 0.5
g 464 -64 464 -80 0 0
s 608 -32 608 0 0 1 false
v 608 -64 608 -32 0 0 40 5 0 0 0.5
g 608 -64 608 -80 0 0
s 752 -32 752 0 0 1 false
v 752 -64 752 -32 0 0 40 5 0 0 0.5
g 752 -64 752 -80 0 0
s 896 -32 896 0 0 1 false
v 896 -64 896 -32 0 0 40 5 0 0 0.5
g 896 -64 896 -80 0 0
s 1040 -32 1040 0 0 1 false
v 1040 -64 1040 -32 0 0 40 5 0 0 0.5
g 1040 -64 1040 -80 0 0
s 1184 -32 1184 0 0 1 false
v 1184 -64 1184 -32 0 0 40 5 0 0 0.5
g 1184 -64 1184 -80 0 0
s -48 48 0 48 0 1 false
s 64 -32 64 0 0 1 true
s -48 80 0 80 0 1 false
w 176 96 176 128 0
w 176 128 176 192 0
w 288 48 224 48 0
w 208 64 288 64 0
w 48 80 192 80 0
w 208 96 208 64 0
w 224 96 224 48 0
w 288 80 192 80 0
w 320 96 320 128 0
w 320 128 320 192 0
w 464 96 464 128 0
w 464 128 464 192 0
w 608 96 608 128 0
w 608 128 608 192 0
w 752 96 752 128 0
w 752 128 752 192 0
w 896 96 896 128 0
w 896 128 896 192 0
w 1040 96 1040 128 0
w 1040 128 1040 192 0
w 1184 96 1184 128 0
w 1184 128 1184 192 0
w 176 192 176 256 0
w 320 192 320 256 0
w 464 192 464 256 0
w 608 192 608 256 0
w 752 192 752 256 0
w 896 192 896 256 0
w 1040 192 1040 256 0
w 1184 192 1184 256 0
x -1 -11 45 -8 4 24 CLK
g 64 -64 64 -80 0 0
v 64 -64 64 -48 0 0 40 5 0 0 0.5
x -178 55 -118 58 4 24 WR\s0
w 64 64 64 0 0
v -80 48 -48 48 0 0 40 5 0 0 0.5
g -80 48 -96 48 0 0
g -80 80 -96 80 0 0
v -80 80 -48 80 0 0 40 5 0 0 0.5
x -170 84 -117 87 4 24 EN\s0
w 64 -32 64 -48 0
