$ 1 0.000005 1.4391916095149893 51 5 50 5e-11
. 1-bit-register-v3 0 2 3 5 CLK 151 1 2 EN 150 2 2 IN 152 2 3 OUT 149 0 3 WR 153 0 2 TriStateElm\s154\s149\s150\rInverterElm\s153\s159\rAndGateElm\s152\s153\s157\rAndGateElm\s154\s159\s158\rOrGateElm\s157\s158\s156\rAndGateElm\s162\s151\s160\rInverterElm\s166\s162\rInverterElm\s165\s166\rInverterElm\s164\s165\rInverterElm\s163\s164\rInverterElm\s151\s163\rInverterElm\s156\s167\rAndGateElm\s156\s160\s161\rAndGateElm\s160\s167\s168\rNorGateElm\s169\s168\s154\rNorGateElm\s161\s154\s170\rCapacitorElm\s171\s169\rVoltageElm\s0\s171\rResistorElm\s169\s170 0\\s0.1\\s10000000000\\s100000000\s0\\s0.5\\s5\s0\\s2\\s0\\s5\s0\\s2\\s0\\s5\s0\\s2\\s0\\s5\s0\\s2\\s0\\s5\s0\\s0.5\\s5\s0\\s0.5\\s5\s0\\s0.5\\s5\s0\\s0.5\\s5\s0\\s0.5\\s5\s0\\s0.5\\s5\s0\\s2\\s0\\s5\s0\\s2\\s0\\s5\s0\\s2\\s0\\s5\s0\\s2\\s5\\s5\s0\\s1e-9\\s1.7763568394002505e-15\\s0.001\s0\\s0\\s40\\s5\\s0\\s0\\s0.5\s0\\s10000
410 80 128 160 144 1 1-bit-register-v3 0\s0.1\s10000000000\s100000000 0\s0.5\s5 0\s2\s0\s5 0\s2\s0\s5 0\s2\s0\s5 0\s2\s0\s5 0\s0.5\s5 0\s0.5\s5 0\s0.5\s5 0\s0.5\s5 0\s0.5\s5 0\s0.5\s5 0\s2\s0\s5 0\s2\s0\s5 0\s2\s0\s5 0\s2\s5\s5 0\s1e-9\s1.7763568394002505e-15\s0.001 0\s0\s40\s5\s0\s0\s0.5 0\s10000
410 224 128 304 144 1 1-bit-register-v3 0\s0.1\s10000000000\s100000000 0\s0.5\s5 0\s2\s0\s5 0\s2\s0\s5 0\s2\s0\s5 0\s2\s0\s5 0\s0.5\s5 0\s0.5\s5 0\s0.5\s5 0\s0.5\s5 0\s0.5\s5 0\s0.5\s5 0\s2\s0\s5 0\s2\s0\s5 0\s2\s0\s5 0\s2\s5\s5 0\s1e-9\s1.7763568394002505e-15\s0.001 0\s0\s40\s5\s0\s0\s0.5 0\s10000
w 176 96 176 64 0
w 320 48 320 96 0
w 176 64 176 48 0
w 224 128 224 96 0
w 224 160 208 160 0
w 208 160 208 96 0
w 224 192 192 192 0
w 192 192 192 96 0
w 80 128 80 96 0
w 80 160 64 160 0
w 64 160 64 96 0
w 80 192 48 192 0
w 48 192 48 96 0
w 48 96 48 80 0
w 48 80 0 80 0
w 64 96 64 64 0
w 80 96 80 48 0
w 80 48 0 48 0
w 192 80 192 96 0
w 64 64 208 64 0
w 176 48 176 0 0
w 80 48 224 48 0
w 320 48 320 0 0
w 608 48 608 0 0
w 368 48 512 48 0
w 464 48 464 0 0
w 512 96 512 48 0
w 496 64 496 96 0
w 352 64 496 64 0
w 480 80 480 96 0
w 336 80 480 80 0
w 368 48 288 48 0
w 368 96 368 48 0
w 352 64 288 64 0
w 352 96 352 64 0
w 336 80 288 80 0
w 336 96 336 80 0
w 336 192 336 96 0
w 368 192 336 192 0
w 352 160 352 96 0
w 368 160 352 160 0
w 368 128 368 96 0
w 480 192 480 96 0
w 512 192 480 192 0
w 496 160 496 96 0
w 512 160 496 160 0
w 512 128 512 96 0
w 464 64 464 48 0
w 608 48 608 96 0
w 464 96 464 64 0
410 512 128 592 144 1 1-bit-register-v3 0\s0.1\s10000000000\s100000000 0\s0.5\s5 0\s2\s0\s5 0\s2\s5\s5 0\s2\s5\s5 0\s2\s0\s5 0\s0.5\s5 0\s0.5\s5 0\s0.5\s5 0\s0.5\s5 0\s0.5\s5 0\s0.5\s5 0\s2\s0\s5 0\s2\s0\s5 0\s2\s5\s5 0\s2\s0\s5 0\s1e-9\s4.999999999999997\s0.001 0\s0\s40\s5\s0\s0\s0.5 0\s10000
410 368 128 448 144 1 1-bit-register-v3 0\s0.1\s10000000000\s100000000 0\s0.5\s5 0\s2\s0\s5 0\s2\s0\s5 0\s2\s0\s5 0\s2\s0\s5 0\s0.5\s5 0\s0.5\s5 0\s0.5\s5 0\s0.5\s5 0\s0.5\s5 0\s0.5\s5 0\s2\s0\s5 0\s2\s0\s5 0\s2\s0\s5 0\s2\s5\s5 0\s1e-9\s1.7763568394002505e-15\s0.001 0\s0\s40\s5\s0\s0\s0.5 0\s10000
w 896 48 896 0 0
w 656 48 800 48 0
w 752 48 752 0 0
w 800 96 800 48 0
w 784 64 784 96 0
w 640 64 784 64 0
w 768 80 768 96 0
w 624 80 768 80 0
w 656 48 576 48 0
w 656 96 656 48 0
w 640 64 576 64 0
w 640 96 640 64 0
w 624 80 576 80 0
w 624 96 624 80 0
w 624 192 624 96 0
w 656 192 624 192 0
w 640 160 640 96 0
w 656 160 640 160 0
w 656 128 656 96 0
w 768 192 768 96 0
w 800 192 768 192 0
w 784 160 784 96 0
w 800 160 784 160 0
w 800 128 800 96 0
w 752 64 752 48 0
w 896 48 896 96 0
w 752 96 752 64 0
410 800 128 880 144 1 1-bit-register-v3 0\s0.1\s10000000000\s100000000 0\s0.5\s5 0\s2\s0\s5 0\s2\s0\s5 0\s2\s0\s5 0\s2\s0\s5 0\s0.5\s5 0\s0.5\s5 0\s0.5\s5 0\s0.5\s5 0\s0.5\s5 0\s0.5\s5 0\s2\s0\s5 0\s2\s0\s5 0\s2\s0\s5 0\s2\s5\s5 0\s1e-9\s1.7763568394002505e-15\s0.001 0\s0\s40\s5\s0\s0\s0.5 0\s10000
410 656 128 736 144 1 1-bit-register-v3 0\s0.1\s10000000000\s100000000 0\s0.5\s5 0\s2\s0\s5 0\s2\s5\s5 0\s2\s5\s5 0\s2\s0\s5 0\s0.5\s5 0\s0.5\s5 0\s0.5\s5 0\s0.5\s5 0\s0.5\s5 0\s0.5\s5 0\s2\s0\s5 0\s2\s0\s5 0\s2\s5\s5 0\s2\s0\s5 0\s1e-9\s4.999999999999997\s0.001 0\s0\s40\s5\s0\s0\s0.5 0\s10000
w 1184 48 1184 0 0
w 944 48 1088 48 0
w 1040 48 1040 0 0
w 1088 96 1088 48 0
w 1072 64 1072 96 0
w 928 64 1072 64 0
w 1056 80 1056 96 0
w 912 80 1056 80 0
w 944 48 864 48 0
w 944 96 944 48 0
w 928 64 864 64 0
w 928 96 928 64 0
w 912 80 864 80 0
w 912 96 912 80 0
w 912 192 912 96 0
w 944 192 912 192 0
w 928 160 928 96 0
w 944 160 928 160 0
w 944 128 944 96 0
w 1056 192 1056 96 0
w 1088 192 1056 192 0
w 1072 160 1072 96 0
w 1088 160 1072 160 0
w 1088 128 1088 96 0
w 1040 64 1040 48 0
w 1184 48 1184 96 0
w 1040 96 1040 64 0
410 1088 128 1168 144 1 1-bit-register-v3 0\s0.1\s10000000000\s100000000 0\s0.5\s5 0\s2\s0\s5 0\s2\s0\s5 0\s2\s0\s5 0\s2\s0\s5 0\s0.5\s5 0\s0.5\s5 0\s0.5\s5 0\s0.5\s5 0\s0.5\s5 0\s0.5\s5 0\s2\s0\s5 0\s2\s0\s5 0\s2\s0\s5 0\s2\s5\s5 0\s1e-9\s1.7763568394002505e-15\s0.001 0\s0\s40\s5\s0\s0\s0.5 0\s10000
410 944 128 1024 144 1 1-bit-register-v3 0\s0.1\s10000000000\s100000000 0\s0.5\s5 0\s2\s0\s5 0\s2\s0\s5 0\s2\s0\s5 0\s2\s0\s5 0\s0.5\s5 0\s0.5\s5 0\s0.5\s5 0\s0.5\s5 0\s0.5\s5 0\s0.5\s5 0\s2\s0\s5 0\s2\s0\s5 0\s2\s0\s5 0\s2\s5\s5 0\s1e-9\s1.7763568394002505e-15\s0.001 0\s0\s40\s5\s0\s0\s0.5 0\s10000
w 576 48 512 48 0
w 576 64 496 64 0
w 576 80 480 80 0
w 864 48 800 48 0
w 864 64 784 64 0
w 864 80 768 80 0
g 176 -64 176 -80 0 0
v 176 -64 176 -32 0 0 40 5 0 0 0.5
s 176 -32 176 0 0 1 false
s 320 -32 320 0 0 1 false
v 320 -64 320 -32 0 0 40 5 0 0 0.5
g 320 -64 320 -80 0 0
s 464 -32 464 0 0 1 false
v 464 -64 464 -32 0 0 40 5 0 0 0.5
g 464 -64 464 -80 0 0
s 608 -32 608 0 0 1 false
v 608 -64 608 -32 0 0 40 5 0 0 0.5
g 608 -64 608 -80 0 0
s 752 -32 752 0 0 1 false
v 752 -64 752 -32 0 0 40 5 0 0 0.5
g 752 -64 752 -80 0 0
s 896 -32 896 0 0 1 false
v 896 -64 896 -32 0 0 40 5 0 0 0.5
g 896 -64 896 -80 0 0
s 1040 -32 1040 0 0 1 false
v 1040 -64 1040 -32 0 0 40 5 0 0 0.5
g 1040 -64 1040 -80 0 0
s 1184 -32 1184 0 0 1 false
v 1184 -64 1184 -32 0 0 40 5 0 0 0.5
g 1184 -64 1184 -80 0 0
s -48 48 0 48 0 1 false
s 64 -32 64 0 0 1 false
s -48 80 0 80 0 1 false
w 176 96 176 128 0
w 176 128 176 192 0
w 288 48 224 48 0
w 208 64 288 64 0
w 48 80 192 80 0
w 208 96 208 64 0
w 224 96 224 48 0
w 288 80 192 80 0
w 320 96 320 128 0
w 320 128 320 192 0
w 464 96 464 128 0
w 464 128 464 192 0
w 608 96 608 128 0
w 608 128 608 192 0
w 752 96 752 128 0
w 752 128 752 192 0
w 896 96 896 128 0
w 896 128 896 192 0
w 1040 96 1040 128 0
w 1040 128 1040 192 0
w 1184 96 1184 128 0
w 1184 128 1184 192 0
w 176 192 176 256 0
w 320 192 320 256 0
w 464 192 464 256 0
w 608 192 608 256 0
w 752 192 752 256 0
w 896 192 896 256 0
w 1040 192 1040 256 0
w 1184 192 1184 256 0
x -1 -11 45 -8 4 24 CLK
g 64 -64 64 -80 0 0
v 64 -64 64 -48 0 0 40 5 0 0 0.5
x -178 55 -118 58 4 24 WR\s0
w 64 64 64 0 0
v -80 48 -48 48 0 0 40 5 0 0 0.5
g -80 48 -96 48 0 0
g -80 80 -96 80 0 0
v -80 80 -48 80 0 0 40 5 0 0 0.5
x -170 84 -117 87 4 24 EN\s0
w 64 -32 64 -48 0
x -170 340 -117 343 4 24 EN\s1
v -80 336 -48 336 0 0 40 5 0 0 0.5
g -80 336 -96 336 0 0
g -80 304 -96 304 0 0
v -80 304 -48 304 0 0 40 5 0 0 0.5
w 64 320 64 256 0
x -178 311 -118 314 4 24 WR\s1
w 1184 448 1184 512 0
w 1040 448 1040 512 0
w 896 448 896 512 0
w 752 448 752 512 0
w 608 448 608 512 0
w 464 448 464 512 0
w 320 448 320 512 0
w 176 448 176 512 0
w 1184 384 1184 448 0
w 1184 352 1184 384 0
w 1040 384 1040 448 0
w 1040 352 1040 384 0
w 896 384 896 448 0
w 896 352 896 384 0
w 752 384 752 448 0
w 752 352 752 384 0
w 608 384 608 448 0
w 608 352 608 384 0
w 464 384 464 448 0
w 464 352 464 384 0
w 320 384 320 448 0
w 320 352 320 384 0
w 288 336 192 336 0
w 224 352 224 304 0
w 208 352 208 320 0
w 48 336 192 336 0
w 208 320 288 320 0
w 288 304 224 304 0
w 176 384 176 448 0
w 176 352 176 384 0
s -48 336 0 336 0 1 false
s -48 304 0 304 0 1 false
w 864 336 768 336 0
w 864 320 784 320 0
w 864 304 800 304 0
w 576 336 480 336 0
w 576 320 496 320 0
w 576 304 512 304 0
410 944 384 1024 400 1 1-bit-register-v3 0\s0.1\s10000000000\s100000000 0\s0.5\s5 0\s2\s0\s5 0\s2\s0\s5 0\s2\s0\s5 0\s2\s0\s5 0\s0.5\s5 0\s0.5\s5 0\s0.5\s5 0\s0.5\s5 0\s0.5\s5 0\s0.5\s5 0\s2\s0\s5 0\s2\s0\s5 0\s2\s0\s5 0\s2\s5\s5 0\s1e-9\s1.7763568394002505e-15\s0.001 0\s0\s40\s5\s0\s0\s0.5 0\s10000
410 1088 384 1168 400 1 1-bit-register-v3 0\s0.1\s10000000000\s100000000 0\s0.5\s5 0\s2\s0\s5 0\s2\s0\s5 0\s2\s0\s5 0\s2\s0\s5 0\s0.5\s5 0\s0.5\s5 0\s0.5\s5 0\s0.5\s5 0\s0.5\s5 0\s0.5\s5 0\s2\s0\s5 0\s2\s0\s5 0\s2\s0\s5 0\s2\s5\s5 0\s1e-9\s1.7763568394002505e-15\s0.001 0\s0\s40\s5\s0\s0\s0.5 0\s10000
w 1040 352 1040 320 0
w 1184 304 1184 352 0
w 1040 320 1040 304 0
w 1088 384 1088 352 0
w 1088 416 1072 416 0
w 1072 416 1072 352 0
w 1088 448 1056 448 0
w 1056 448 1056 352 0
w 944 384 944 352 0
w 944 416 928 416 0
w 928 416 928 352 0
w 944 448 912 448 0
w 912 448 912 352 0
w 912 352 912 336 0
w 912 336 864 336 0
w 928 352 928 320 0
w 928 320 864 320 0
w 944 352 944 304 0
w 944 304 864 304 0
w 912 336 1056 336 0
w 1056 336 1056 352 0
w 928 320 1072 320 0
w 1072 320 1072 352 0
w 1088 352 1088 304 0
w 1040 304 1040 256 0
w 944 304 1088 304 0
w 1184 304 1184 256 0
410 656 384 736 400 1 1-bit-register-v3 0\s0.1\s10000000000\s100000000 0\s0.5\s5 0\s2\s0\s5 0\s2\s0\s5 0\s2\s0\s5 0\s2\s0\s5 0\s0.5\s5 0\s0.5\s5 0\s0.5\s5 0\s0.5\s5 0\s0.5\s5 0\s0.5\s5 0\s2\s0\s5 0\s2\s0\s5 0\s2\s0\s5 0\s2\s5\s5 0\s1e-9\s1.7763568394002505e-15\s0.001 0\s0\s40\s5\s0\s0\s0.5 0\s10000
410 800 384 880 400 1 1-bit-register-v3 0\s0.1\s10000000000\s100000000 0\s0.5\s5 0\s2\s0\s5 0\s2\s0\s5 0\s2\s0\s5 0\s2\s0\s5 0\s0.5\s5 0\s0.5\s5 0\s0.5\s5 0\s0.5\s5 0\s0.5\s5 0\s0.5\s5 0\s2\s0\s5 0\s2\s0\s5 0\s2\s0\s5 0\s2\s5\s5 0\s1e-9\s1.7763568394002505e-15\s0.001 0\s0\s40\s5\s0\s0\s0.5 0\s10000
w 752 352 752 320 0
w 896 304 896 352 0
w 752 320 752 304 0
w 800 384 800 352 0
w 800 416 784 416 0
w 784 416 784 352 0
w 800 448 768 448 0
w 768 448 768 352 0
w 656 384 656 352 0
w 656 416 640 416 0
w 640 416 640 352 0
w 656 448 624 448 0
w 624 448 624 352 0
w 624 352 624 336 0
w 624 336 576 336 0
w 640 352 640 320 0
w 640 320 576 320 0
w 656 352 656 304 0
w 656 304 576 304 0
w 624 336 768 336 0
w 768 336 768 352 0
w 640 320 784 320 0
w 784 320 784 352 0
w 800 352 800 304 0
w 752 304 752 256 0
w 656 304 800 304 0
w 896 304 896 256 0
410 368 384 448 400 1 1-bit-register-v3 0\s0.1\s10000000000\s100000000 0\s0.5\s5 0\s2\s0\s5 0\s2\s5\s5 0\s2\s5\s5 0\s2\s0\s5 0\s0.5\s5 0\s0.5\s5 0\s0.5\s5 0\s0.5\s5 0\s0.5\s5 0\s0.5\s5 0\s2\s0\s5 0\s2\s0\s5 0\s2\s5\s5 0\s2\s0\s5 0\s1e-9\s4.999999999999998\s0.001 0\s0\s40\s5\s0\s0\s0.5 0\s10000
410 512 384 592 400 1 1-bit-register-v3 0\s0.1\s10000000000\s100000000 0\s0.5\s5 0\s2\s0\s5 0\s2\s0\s5 0\s2\s0\s5 0\s2\s0\s5 0\s0.5\s5 0\s0.5\s5 0\s0.5\s5 0\s0.5\s5 0\s0.5\s5 0\s0.5\s5 0\s2\s0\s5 0\s2\s0\s5 0\s2\s0\s5 0\s2\s5\s5 0\s1e-9\s1.7763568394002505e-15\s0.001 0\s0\s40\s5\s0\s0\s0.5 0\s10000
w 464 352 464 320 0
w 608 304 608 352 0
w 464 320 464 304 0
w 512 384 512 352 0
w 512 416 496 416 0
w 496 416 496 352 0
w 512 448 480 448 0
w 480 448 480 352 0
w 368 384 368 352 0
w 368 416 352 416 0
w 352 416 352 352 0
w 368 448 336 448 0
w 336 448 336 352 0
w 336 352 336 336 0
w 336 336 288 336 0
w 352 352 352 320 0
w 352 320 288 320 0
w 368 352 368 304 0
w 368 304 288 304 0
w 336 336 480 336 0
w 480 336 480 352 0
w 352 320 496 320 0
w 496 320 496 352 0
w 512 352 512 304 0
w 464 304 464 256 0
w 368 304 512 304 0
w 608 304 608 256 0
w 320 304 320 256 0
w 80 304 224 304 0
w 176 304 176 256 0
w 64 320 208 320 0
w 192 336 192 352 0
w 80 304 0 304 0
w 80 352 80 304 0
w 64 352 64 320 0
w 48 336 0 336 0
w 48 352 48 336 0
w 48 448 48 352 0
w 80 448 48 448 0
w 64 416 64 352 0
w 80 416 64 416 0
w 80 384 80 352 0
w 192 448 192 352 0
w 224 448 192 448 0
w 208 416 208 352 0
w 224 416 208 416 0
w 224 384 224 352 0
w 176 320 176 304 0
w 320 304 320 352 0
w 176 352 176 320 0
410 224 384 304 400 1 1-bit-register-v3 0\s0.1\s10000000000\s100000000 0\s0.5\s5 0\s2\s0\s5 0\s2\s5\s5 0\s2\s5\s5 0\s2\s0\s5 0\s0.5\s5 0\s0.5\s5 0\s0.5\s5 0\s0.5\s5 0\s0.5\s5 0\s0.5\s5 0\s2\s0\s5 0\s2\s0\s5 0\s2\s5\s5 0\s2\s0\s5 0\s1e-9\s4.999999999999998\s0.001 0\s0\s40\s5\s0\s0\s0.5 0\s10000
410 80 384 160 400 1 1-bit-register-v3 0\s0.1\s10000000000\s100000000 0\s0.5\s5 0\s2\s0\s5 0\s2\s0\s5 0\s2\s0\s5 0\s2\s0\s5 0\s0.5\s5 0\s0.5\s5 0\s0.5\s5 0\s0.5\s5 0\s0.5\s5 0\s0.5\s5 0\s2\s0\s5 0\s2\s0\s5 0\s2\s0\s5 0\s2\s5\s5 0\s1e-9\s1.7763568394002505e-15\s0.001 0\s0\s40\s5\s0\s0\s0.5 0\s10000
w 64 160 64 256 0
w 64 512 64 416 0
