$ 1 1 0.0129812176855438 6 5 50 5e-11
. 1-bit-register-v3 0 2 3 5 CLK 151 1 2 EN 150 2 2 IN 152 2 3 OUT 149 0 3 WR 153 0 2 TriStateElm\s154\s149\s150\rInverterElm\s153\s159\rAndGateElm\s152\s153\s157\rAndGateElm\s154\s159\s158\rOrGateElm\s157\s158\s156\rAndGateElm\s162\s151\s160\rInverterElm\s166\s162\rInverterElm\s165\s166\rInverterElm\s164\s165\rInverterElm\s163\s164\rInverterElm\s151\s163\rInverterElm\s156\s167\rAndGateElm\s156\s160\s161\rAndGateElm\s160\s167\s168\rNorGateElm\s169\s168\s154\rNorGateElm\s161\s154\s170\rCapacitorElm\s171\s169\rVoltageElm\s0\s171\rResistorElm\s169\s170 0\\s0.1\\s10000000000\\s100000000\s0\\s0.5\\s5\s0\\s2\\s0\\s5\s0\\s2\\s0\\s5\s0\\s2\\s0\\s5\s0\\s2\\s0\\s5\s0\\s0.5\\s5\s0\\s0.5\\s5\s0\\s0.5\\s5\s0\\s0.5\\s5\s0\\s0.5\\s5\s0\\s0.5\\s5\s0\\s2\\s0\\s5\s0\\s2\\s0\\s5\s0\\s2\\s0\\s5\s0\\s2\\s5\\s5\s0\\s1e-9\\s1.7763568394002505e-15\\s0.001\s0\\s0\\s40\\s5\\s0\\s0\\s0.5\s0\\s10000
410 80 128 160 144 1 1-bit-register-v3 0\s0.1\s10000000000\s100000000 0\s0.5\s5 0\s2\s0\s5 0\s2\s0\s5 0\s2\s0\s5 0\s2\s0\s5 0\s0.5\s5 0\s0.5\s5 0\s0.5\s5 0\s0.5\s5 0\s0.5\s5 0\s0.5\s5 0\s2\s0\s5 0\s2\s0\s5 0\s2\s0\s5 0\s2\s5\s5 0\s1e-9\s0\s0.001 0\s0\s40\s5\s0\s0\s0.5 0\s10000
410 224 128 304 144 1 1-bit-register-v3 0\s0.1\s10000000000\s100000000 0\s0.5\s5 0\s2\s0\s5 0\s2\s0\s5 0\s2\s0\s5 0\s2\s0\s5 0\s0.5\s5 0\s0.5\s5 0\s0.5\s5 0\s0.5\s5 0\s0.5\s5 0\s0.5\s5 0\s2\s0\s5 0\s2\s0\s5 0\s2\s0\s5 0\s2\s5\s5 0\s1e-9\s0\s0.001 0\s0\s40\s5\s0\s0\s0.5 0\s10000
w 176 96 176 64 0
w 320 48 320 96 0
w 176 64 176 48 0
w 224 128 224 96 0
w 224 160 208 160 0
w 208 160 208 96 0
w 224 192 192 192 0
w 192 192 192 96 0
w 80 128 80 96 0
w 80 160 64 160 0
w 64 160 64 96 0
w 80 192 48 192 0
w 48 192 48 96 0
w 48 96 48 80 0
w 48 80 0 80 0
w 64 96 64 64 0
w 80 96 80 48 0
w 80 48 0 48 0
w 192 80 192 96 0
w 64 64 208 64 0
w 176 48 176 0 0
w 80 48 224 48 0
w 320 48 320 0 0
w 608 48 608 0 0
w 368 48 512 48 0
w 464 48 464 0 0
w 512 96 512 48 0
w 496 64 496 96 0
w 352 64 496 64 0
w 480 80 480 96 0
w 336 80 480 80 0
w 368 48 288 48 0
w 368 96 368 48 0
w 352 64 288 64 0
w 352 96 352 64 0
w 336 80 288 80 0
w 336 96 336 80 0
w 336 192 336 96 0
w 368 192 336 192 0
w 352 160 352 96 0
w 368 160 352 160 0
w 368 128 368 96 0
w 480 192 480 96 0
w 512 192 480 192 0
w 496 160 496 96 0
w 512 160 496 160 0
w 512 128 512 96 0
w 464 64 464 48 0
w 608 48 608 96 0
w 464 96 464 64 0
410 512 128 592 144 1 1-bit-register-v3 0\s0.1\s10000000000\s100000000 0\s0.5\s5 0\s2\s0\s5 0\s2\s5\s5 0\s2\s5\s5 0\s2\s0\s5 0\s0.5\s5 0\s0.5\s5 0\s0.5\s5 0\s0.5\s5 0\s0.5\s5 0\s0.5\s5 0\s2\s0\s5 0\s2\s0\s5 0\s2\s5\s5 0\s2\s0\s5 0\s1e-9\s5\s0.001 0\s0\s40\s5\s0\s0\s0.5 0\s10000
410 368 128 448 144 1 1-bit-register-v3 0\s0.1\s10000000000\s100000000 0\s0.5\s5 0\s2\s0\s5 0\s2\s0\s5 0\s2\s0\s5 0\s2\s0\s5 0\s0.5\s5 0\s0.5\s5 0\s0.5\s5 0\s0.5\s5 0\s0.5\s5 0\s0.5\s5 0\s2\s0\s5 0\s2\s0\s5 0\s2\s0\s5 0\s2\s5\s5 0\s1e-9\s0\s0.001 0\s0\s40\s5\s0\s0\s0.5 0\s10000
w 896 48 896 0 0
w 656 48 800 48 0
w 752 48 752 0 0
w 800 96 800 48 0
w 784 64 784 96 0
w 640 64 784 64 0
w 768 80 768 96 0
w 624 80 768 80 0
w 656 48 576 48 0
w 656 96 656 48 0
w 640 64 576 64 0
w 640 96 640 64 0
w 624 80 576 80 0
w 624 96 624 80 0
w 624 192 624 96 0
w 656 192 624 192 0
w 640 160 640 96 0
w 656 160 640 160 0
w 656 128 656 96 0
w 768 192 768 96 0
w 800 192 768 192 0
w 784 160 784 96 0
w 800 160 784 160 0
w 800 128 800 96 0
w 752 64 752 48 0
w 896 48 896 96 0
w 752 96 752 64 0
410 800 128 880 144 1 1-bit-register-v3 0\s0.1\s10000000000\s100000000 0\s0.5\s5 0\s2\s0\s5 0\s2\s0\s5 0\s2\s0\s5 0\s2\s0\s5 0\s0.5\s5 0\s0.5\s5 0\s0.5\s5 0\s0.5\s5 0\s0.5\s5 0\s0.5\s5 0\s2\s0\s5 0\s2\s0\s5 0\s2\s0\s5 0\s2\s5\s5 0\s1e-9\s0\s0.001 0\s0\s40\s5\s0\s0\s0.5 0\s10000
410 656 128 736 144 1 1-bit-register-v3 0\s0.1\s10000000000\s100000000 0\s0.5\s5 0\s2\s0\s5 0\s2\s5\s5 0\s2\s5\s5 0\s2\s0\s5 0\s0.5\s5 0\s0.5\s5 0\s0.5\s5 0\s0.5\s5 0\s0.5\s5 0\s0.5\s5 0\s2\s0\s5 0\s2\s0\s5 0\s2\s5\s5 0\s2\s0\s5 0\s1e-9\s5\s0.001 0\s0\s40\s5\s0\s0\s0.5 0\s10000
w 1184 48 1184 0 0
w 944 48 1088 48 0
w 1040 48 1040 0 0
w 1088 96 1088 48 0
w 1072 64 1072 96 0
w 928 64 1072 64 0
w 1056 80 1056 96 0
w 912 80 1056 80 0
w 944 48 864 48 0
w 944 96 944 48 0
w 928 64 864 64 0
w 928 96 928 64 0
w 912 80 864 80 0
w 912 96 912 80 0
w 912 192 912 96 0
w 944 192 912 192 0
w 928 160 928 96 0
w 944 160 928 160 0
w 944 128 944 96 0
w 1056 192 1056 96 0
w 1088 192 1056 192 0
w 1072 160 1072 96 0
w 1088 160 1072 160 0
w 1088 128 1088 96 0
w 1040 64 1040 48 0
w 1184 48 1184 96 0
w 1040 96 1040 64 0
410 1088 128 1168 144 1 1-bit-register-v3 0\s0.1\s10000000000\s100000000 0\s0.5\s5 0\s2\s0\s5 0\s2\s0\s5 0\s2\s0\s5 0\s2\s0\s5 0\s0.5\s5 0\s0.5\s5 0\s0.5\s5 0\s0.5\s5 0\s0.5\s5 0\s0.5\s5 0\s2\s0\s5 0\s2\s0\s5 0\s2\s0\s5 0\s2\s5\s5 0\s1e-9\s0\s0.001 0\s0\s40\s5\s0\s0\s0.5 0\s10000
410 944 128 1024 144 1 1-bit-register-v3 0\s0.1\s10000000000\s100000000 0\s0.5\s5 0\s2\s0\s5 0\s2\s0\s5 0\s2\s0\s5 0\s2\s0\s5 0\s0.5\s5 0\s0.5\s5 0\s0.5\s5 0\s0.5\s5 0\s0.5\s5 0\s0.5\s5 0\s2\s0\s5 0\s2\s0\s5 0\s2\s0\s5 0\s2\s5\s5 0\s1e-9\s0\s0.001 0\s0\s40\s5\s0\s0\s0.5 0\s10000
w 576 48 512 48 0
w 576 64 496 64 0
w 576 80 480 80 0
w 864 48 800 48 0
w 864 64 784 64 0
w 864 80 768 80 0
g 176 -64 176 -80 0 0
v 176 -64 176 -32 0 0 40 5 0 0 0.5
s 176 -32 176 0 0 1 false
s 320 -32 320 0 0 1 false
v 320 -64 320 -32 0 0 40 5 0 0 0.5
g 320 -64 320 -80 0 0
s 464 -32 464 0 0 1 false
v 464 -64 464 -32 0 0 40 5 0 0 0.5
g 464 -64 464 -80 0 0
s 608 -32 608 0 0 1 false
v 608 -64 608 -32 0 0 40 5 0 0 0.5
g 608 -64 608 -80 0 0
s 752 -32 752 0 0 1 false
v 752 -64 752 -32 0 0 40 5 0 0 0.5
g 752 -64 752 -80 0 0
s 896 -32 896 0 0 1 false
v 896 -64 896 -32 0 0 40 5 0 0 0.5
g 896 -64 896 -80 0 0
s 1040 -32 1040 0 0 1 false
v 1040 -64 1040 -32 0 0 40 5 0 0 0.5
g 1040 -64 1040 -80 0 0
s 1184 -32 1184 0 0 1 false
v 1184 -64 1184 -32 0 0 40 5 0 0 0.5
g 1184 -64 1184 -80 0 0
s 64 -32 64 0 0 1 false
w 176 96 176 128 0
w 176 128 176 192 0
w 288 48 224 48 0
w 208 64 288 64 0
w 48 80 192 80 0
w 208 96 208 64 0
w 224 96 224 48 0
w 288 80 192 80 0
w 320 96 320 128 0
w 320 128 320 192 0
w 464 96 464 128 0
w 464 128 464 192 0
w 608 96 608 128 0
w 608 128 608 192 0
w 752 96 752 128 0
w 752 128 752 192 0
w 896 96 896 128 0
w 896 128 896 192 0
w 1040 96 1040 128 0
w 1040 128 1040 192 0
w 1184 96 1184 128 0
w 1184 128 1184 192 0
w 176 192 176 256 0
w 320 192 320 256 0
w 464 192 464 256 0
w 608 192 608 256 0
w 752 192 752 256 0
w 896 192 896 256 0
w 1040 192 1040 256 0
w 1184 192 1184 256 0
x -1 -11 45 -8 4 24 CLK
g 64 -64 64 -80 0 0
v 64 -64 64 -48 0 0 40 5 0 0 0.5
x -4 38 56 41 4 24 WR\s0
w 64 64 64 0 0
x -16 108 37 111 4 24 EN\s0
w 64 -32 64 -48 0
x -10 365 43 368 4 24 EN\s1
w 64 320 64 256 0
x 0 294 60 297 4 24 WR\s1
w 1184 448 1184 512 0
w 1040 448 1040 512 0
w 896 448 896 512 0
w 752 448 752 512 0
w 608 448 608 512 0
w 464 448 464 512 0
w 320 448 320 512 0
w 176 448 176 512 0
w 1184 384 1184 448 0
w 1184 352 1184 384 0
w 1040 384 1040 448 0
w 1040 352 1040 384 0
w 896 384 896 448 0
w 896 352 896 384 0
w 752 384 752 448 0
w 752 352 752 384 0
w 608 384 608 448 0
w 608 352 608 384 0
w 464 384 464 448 0
w 464 352 464 384 0
w 320 384 320 448 0
w 320 352 320 384 0
w 288 336 192 336 0
w 224 352 224 304 0
w 208 352 208 320 0
w 48 336 192 336 0
w 208 320 288 320 0
w 288 304 224 304 0
w 176 384 176 448 0
w 176 352 176 384 0
w 864 336 768 336 0
w 864 320 784 320 0
w 864 304 800 304 0
w 576 336 480 336 0
w 576 320 496 320 0
w 576 304 512 304 0
410 944 384 1024 400 1 1-bit-register-v3 0\s0.1\s10000000000\s100000000 0\s0.5\s5 0\s2\s0\s5 0\s2\s0\s5 0\s2\s0\s5 0\s2\s0\s5 0\s0.5\s5 0\s0.5\s5 0\s0.5\s5 0\s0.5\s5 0\s0.5\s5 0\s0.5\s5 0\s2\s0\s5 0\s2\s0\s5 0\s2\s0\s5 0\s2\s5\s5 0\s1e-9\s0\s0.001 0\s0\s40\s5\s0\s0\s0.5 0\s10000
410 1088 384 1168 400 1 1-bit-register-v3 0\s0.1\s10000000000\s100000000 0\s0.5\s5 0\s2\s0\s5 0\s2\s0\s5 0\s2\s0\s5 0\s2\s0\s5 0\s0.5\s5 0\s0.5\s5 0\s0.5\s5 0\s0.5\s5 0\s0.5\s5 0\s0.5\s5 0\s2\s0\s5 0\s2\s0\s5 0\s2\s0\s5 0\s2\s5\s5 0\s1e-9\s0\s0.001 0\s0\s40\s5\s0\s0\s0.5 0\s10000
w 1040 352 1040 320 0
w 1184 304 1184 352 0
w 1040 320 1040 304 0
w 1088 384 1088 352 0
w 1088 416 1072 416 0
w 1072 416 1072 352 0
w 1088 448 1056 448 0
w 1056 448 1056 352 0
w 944 384 944 352 0
w 944 416 928 416 0
w 928 416 928 352 0
w 944 448 912 448 0
w 912 448 912 352 0
w 912 352 912 336 0
w 912 336 864 336 0
w 928 352 928 320 0
w 928 320 864 320 0
w 944 352 944 304 0
w 944 304 864 304 0
w 912 336 1056 336 0
w 1056 336 1056 352 0
w 928 320 1072 320 0
w 1072 320 1072 352 0
w 1088 352 1088 304 0
w 1040 304 1040 256 0
w 944 304 1088 304 0
w 1184 304 1184 256 0
410 656 384 736 400 1 1-bit-register-v3 0\s0.1\s10000000000\s100000000 0\s0.5\s5 0\s2\s0\s5 0\s2\s0\s5 0\s2\s0\s5 0\s2\s0\s5 0\s0.5\s5 0\s0.5\s5 0\s0.5\s5 0\s0.5\s5 0\s0.5\s5 0\s0.5\s5 0\s2\s0\s5 0\s2\s0\s5 0\s2\s0\s5 0\s2\s5\s5 0\s1e-9\s0\s0.001 0\s0\s40\s5\s0\s0\s0.5 0\s10000
410 800 384 880 400 1 1-bit-register-v3 0\s0.1\s10000000000\s100000000 0\s0.5\s5 0\s2\s0\s5 0\s2\s0\s5 0\s2\s0\s5 0\s2\s0\s5 0\s0.5\s5 0\s0.5\s5 0\s0.5\s5 0\s0.5\s5 0\s0.5\s5 0\s0.5\s5 0\s2\s0\s5 0\s2\s0\s5 0\s2\s0\s5 0\s2\s5\s5 0\s1e-9\s0\s0.001 0\s0\s40\s5\s0\s0\s0.5 0\s10000
w 752 352 752 320 0
w 896 304 896 352 0
w 752 320 752 304 0
w 800 384 800 352 0
w 800 416 784 416 0
w 784 416 784 352 0
w 800 448 768 448 0
w 768 448 768 352 0
w 656 384 656 352 0
w 656 416 640 416 0
w 640 416 640 352 0
w 656 448 624 448 0
w 624 448 624 352 0
w 624 352 624 336 0
w 624 336 576 336 0
w 640 352 640 320 0
w 640 320 576 320 0
w 656 352 656 304 0
w 656 304 576 304 0
w 624 336 768 336 0
w 768 336 768 352 0
w 640 320 784 320 0
w 784 320 784 352 0
w 800 352 800 304 0
w 752 304 752 256 0
w 656 304 800 304 0
w 896 304 896 256 0
410 368 384 448 400 1 1-bit-register-v3 0\s0.1\s10000000000\s100000000 0\s0.5\s5 0\s2\s0\s5 0\s2\s5\s5 0\s2\s5\s5 0\s2\s0\s5 0\s0.5\s5 0\s0.5\s5 0\s0.5\s5 0\s0.5\s5 0\s0.5\s5 0\s0.5\s5 0\s2\s0\s5 0\s2\s0\s5 0\s2\s5\s5 0\s2\s0\s5 0\s1e-9\s5\s0.001 0\s0\s40\s5\s0\s0\s0.5 0\s10000
410 512 384 592 400 1 1-bit-register-v3 0\s0.1\s10000000000\s100000000 0\s0.5\s5 0\s2\s0\s5 0\s2\s0\s5 0\s2\s0\s5 0\s2\s0\s5 0\s0.5\s5 0\s0.5\s5 0\s0.5\s5 0\s0.5\s5 0\s0.5\s5 0\s0.5\s5 0\s2\s0\s5 0\s2\s0\s5 0\s2\s0\s5 0\s2\s5\s5 0\s1e-9\s0\s0.001 0\s0\s40\s5\s0\s0\s0.5 0\s10000
w 464 352 464 320 0
w 608 304 608 352 0
w 464 320 464 304 0
w 512 384 512 352 0
w 512 416 496 416 0
w 496 416 496 352 0
w 512 448 480 448 0
w 480 448 480 352 0
w 368 384 368 352 0
w 368 416 352 416 0
w 352 416 352 352 0
w 368 448 336 448 0
w 336 448 336 352 0
w 336 352 336 336 0
w 336 336 288 336 0
w 352 352 352 320 0
w 352 320 288 320 0
w 368 352 368 304 0
w 368 304 288 304 0
w 336 336 480 336 0
w 480 336 480 352 0
w 352 320 496 320 0
w 496 320 496 352 0
w 512 352 512 304 0
w 464 304 464 256 0
w 368 304 512 304 0
w 608 304 608 256 0
w 320 304 320 256 0
w 80 304 224 304 0
w 176 304 176 256 0
w 64 320 208 320 0
w 192 336 192 352 0
w 80 304 0 304 0
w 80 352 80 304 0
w 64 352 64 320 0
w 48 336 0 336 0
w 48 352 48 336 0
w 48 448 48 352 0
w 80 448 48 448 0
w 64 416 64 352 0
w 80 416 64 416 0
w 80 384 80 352 0
w 192 448 192 352 0
w 224 448 192 448 0
w 208 416 208 352 0
w 224 416 208 416 0
w 224 384 224 352 0
w 176 320 176 304 0
w 320 304 320 352 0
w 176 352 176 320 0
410 224 384 304 400 1 1-bit-register-v3 0\s0.1\s10000000000\s100000000 0\s0.5\s5 0\s2\s0\s5 0\s2\s5\s5 0\s2\s5\s5 0\s2\s0\s5 0\s0.5\s5 0\s0.5\s5 0\s0.5\s5 0\s0.5\s5 0\s0.5\s5 0\s0.5\s5 0\s2\s0\s5 0\s2\s0\s5 0\s2\s5\s5 0\s2\s0\s5 0\s1e-9\s5\s0.001 0\s0\s40\s5\s0\s0\s0.5 0\s10000
410 80 384 160 400 1 1-bit-register-v3 0\s0.1\s10000000000\s100000000 0\s0.5\s5 0\s2\s0\s5 0\s2\s0\s5 0\s2\s0\s5 0\s2\s0\s5 0\s0.5\s5 0\s0.5\s5 0\s0.5\s5 0\s0.5\s5 0\s0.5\s5 0\s0.5\s5 0\s2\s0\s5 0\s2\s0\s5 0\s2\s0\s5 0\s2\s5\s5 0\s1e-9\s0\s0.001 0\s0\s40\s5\s0\s0\s0.5 0\s10000
w 64 160 64 256 0
w 64 512 64 416 0
w 64 768 64 672 0
410 80 640 160 656 1 1-bit-register-v3 0\s0.1\s10000000000\s100000000 0\s0.5\s5 0\s2\s0\s5 0\s2\s0\s5 0\s2\s0\s5 0\s2\s0\s5 0\s0.5\s5 0\s0.5\s5 0\s0.5\s5 0\s0.5\s5 0\s0.5\s5 0\s0.5\s5 0\s2\s0\s5 0\s2\s0\s5 0\s2\s0\s5 0\s2\s5\s5 0\s1e-9\s8.881784197001252e-16\s0.001 0\s0\s40\s5\s0\s0\s0.5 0\s10000
410 224 640 304 656 1 1-bit-register-v3 0\s0.1\s10000000000\s100000000 0\s0.5\s5 0\s2\s0\s5 0\s2\s0\s5 0\s2\s0\s5 0\s2\s0\s5 0\s0.5\s5 0\s0.5\s5 0\s0.5\s5 0\s0.5\s5 0\s0.5\s5 0\s0.5\s5 0\s2\s0\s5 0\s2\s0\s5 0\s2\s0\s5 0\s2\s5\s5 0\s1e-9\s-0.30830252387091317\s0.001 0\s0\s40\s5\s0\s0\s0.5 0\s10000
w 176 608 176 576 0
w 320 560 320 608 0
w 176 576 176 560 0
w 224 640 224 608 0
w 224 672 208 672 0
w 208 672 208 608 0
w 224 704 192 704 0
w 192 704 192 608 0
w 80 640 80 608 0
w 80 672 64 672 0
w 64 672 64 608 0
w 80 704 48 704 0
w 48 704 48 608 0
w 48 608 48 592 0
w 48 592 0 592 0
w 64 608 64 576 0
w 80 608 80 560 0
w 80 560 0 560 0
w 192 592 192 608 0
w 64 576 208 576 0
w 176 560 176 512 0
w 80 560 224 560 0
w 320 560 320 512 0
w 608 560 608 512 0
w 368 560 512 560 0
w 464 560 464 512 0
w 512 608 512 560 0
w 496 576 496 608 0
w 352 576 496 576 0
w 480 592 480 608 0
w 336 592 480 592 0
w 368 560 288 560 0
w 368 608 368 560 0
w 352 576 288 576 0
w 352 608 352 576 0
w 336 592 288 592 0
w 336 608 336 592 0
w 336 704 336 608 0
w 368 704 336 704 0
w 352 672 352 608 0
w 368 672 352 672 0
w 368 640 368 608 0
w 480 704 480 608 0
w 512 704 480 704 0
w 496 672 496 608 0
w 512 672 496 672 0
w 512 640 512 608 0
w 464 576 464 560 0
w 608 560 608 608 0
w 464 608 464 576 0
410 512 640 592 656 1 1-bit-register-v3 0\s0.1\s10000000000\s100000000 0\s0.5\s5 0\s2\s0\s5 0\s2\s0\s5 0\s2\s0\s5 0\s2\s0\s5 0\s0.5\s5 0\s0.5\s5 0\s0.5\s5 0\s0.5\s5 0\s0.5\s5 0\s0.5\s5 0\s2\s0\s5 0\s2\s0\s5 0\s2\s0\s5 0\s2\s5\s5 0\s1e-9\s8.881784197001252e-16\s0.001 0\s0\s40\s5\s0\s0\s0.5 0\s10000
410 368 640 448 656 1 1-bit-register-v3 0\s0.1\s10000000000\s100000000 0\s0.5\s5 0\s2\s0\s5 0\s2\s0\s5 0\s2\s0\s5 0\s2\s0\s5 0\s0.5\s5 0\s0.5\s5 0\s0.5\s5 0\s0.5\s5 0\s0.5\s5 0\s0.5\s5 0\s2\s0\s5 0\s2\s0\s5 0\s2\s0\s5 0\s2\s5\s5 0\s1e-9\s-0.30830252387091317\s0.001 0\s0\s40\s5\s0\s0\s0.5 0\s10000
w 896 560 896 512 0
w 656 560 800 560 0
w 752 560 752 512 0
w 800 608 800 560 0
w 784 576 784 608 0
w 640 576 784 576 0
w 768 592 768 608 0
w 624 592 768 592 0
w 656 560 576 560 0
w 656 608 656 560 0
w 640 576 576 576 0
w 640 608 640 576 0
w 624 592 576 592 0
w 624 608 624 592 0
w 624 704 624 608 0
w 656 704 624 704 0
w 640 672 640 608 0
w 656 672 640 672 0
w 656 640 656 608 0
w 768 704 768 608 0
w 800 704 768 704 0
w 784 672 784 608 0
w 800 672 784 672 0
w 800 640 800 608 0
w 752 576 752 560 0
w 896 560 896 608 0
w 752 608 752 576 0
410 800 640 880 656 1 1-bit-register-v3 0\s0.1\s10000000000\s100000000 0\s0.5\s5 0\s2\s0\s5 0\s2\s0\s5 0\s2\s0\s5 0\s2\s0\s5 0\s0.5\s5 0\s0.5\s5 0\s0.5\s5 0\s0.5\s5 0\s0.5\s5 0\s0.5\s5 0\s2\s0\s5 0\s2\s0\s5 0\s2\s0\s5 0\s2\s5\s5 0\s1e-9\s8.881784197001252e-16\s0.001 0\s0\s40\s5\s0\s0\s0.5 0\s10000
410 656 640 736 656 1 1-bit-register-v3 0\s0.1\s10000000000\s100000000 0\s0.5\s5 0\s2\s0\s5 0\s2\s0\s5 0\s2\s0\s5 0\s2\s0\s5 0\s0.5\s5 0\s0.5\s5 0\s0.5\s5 0\s0.5\s5 0\s0.5\s5 0\s0.5\s5 0\s2\s0\s5 0\s2\s0\s5 0\s2\s0\s5 0\s2\s5\s5 0\s1e-9\s8.881784197001252e-16\s0.001 0\s0\s40\s5\s0\s0\s0.5 0\s10000
w 1184 560 1184 512 0
w 944 560 1088 560 0
w 1040 560 1040 512 0
w 1088 608 1088 560 0
w 1072 576 1072 608 0
w 928 576 1072 576 0
w 1056 592 1056 608 0
w 912 592 1056 592 0
w 944 560 864 560 0
w 944 608 944 560 0
w 928 576 864 576 0
w 928 608 928 576 0
w 912 592 864 592 0
w 912 608 912 592 0
w 912 704 912 608 0
w 944 704 912 704 0
w 928 672 928 608 0
w 944 672 928 672 0
w 944 640 944 608 0
w 1056 704 1056 608 0
w 1088 704 1056 704 0
w 1072 672 1072 608 0
w 1088 672 1072 672 0
w 1088 640 1088 608 0
w 1040 576 1040 560 0
w 1184 560 1184 608 0
w 1040 608 1040 576 0
410 1088 640 1168 656 1 1-bit-register-v3 0\s0.1\s10000000000\s100000000 0\s0.5\s5 0\s2\s0\s5 0\s2\s5\s5 0\s2\s5\s5 0\s2\s0\s5 0\s0.5\s5 0\s0.5\s5 0\s0.5\s5 0\s0.5\s5 0\s0.5\s5 0\s0.5\s5 0\s2\s0\s5 0\s2\s0\s5 0\s2\s5\s5 0\s2\s0\s5 0\s1e-9\s5.184923530635576\s0.001 0\s0\s40\s5\s0\s0\s0.5 0\s10000
410 944 640 1024 656 1 1-bit-register-v3 0\s0.1\s10000000000\s100000000 0\s0.5\s5 0\s2\s0\s5 0\s2\s0\s5 0\s2\s0\s5 0\s2\s0\s5 0\s0.5\s5 0\s0.5\s5 0\s0.5\s5 0\s0.5\s5 0\s0.5\s5 0\s0.5\s5 0\s2\s0\s5 0\s2\s0\s5 0\s2\s0\s5 0\s2\s5\s5 0\s1e-9\s8.881784197001252e-16\s0.001 0\s0\s40\s5\s0\s0\s0.5 0\s10000
w 576 560 512 560 0
w 576 576 496 576 0
w 576 592 480 592 0
w 864 560 800 560 0
w 864 576 784 576 0
w 864 592 768 592 0
w 176 608 176 640 0
w 176 640 176 704 0
w 288 560 224 560 0
w 208 576 288 576 0
w 48 592 192 592 0
w 208 608 208 576 0
w 224 608 224 560 0
w 288 592 192 592 0
w 320 608 320 640 0
w 320 640 320 704 0
w 464 608 464 640 0
w 464 640 464 704 0
w 608 608 608 640 0
w 608 640 608 704 0
w 752 608 752 640 0
w 752 640 752 704 0
w 896 608 896 640 0
w 896 640 896 704 0
w 1040 608 1040 640 0
w 1040 640 1040 704 0
w 1184 608 1184 640 0
w 1184 640 1184 704 0
w 176 704 176 768 0
w 320 704 320 768 0
w 464 704 464 768 0
w 608 704 608 768 0
w 752 704 752 768 0
w 896 704 896 768 0
w 1040 704 1040 768 0
w 1184 704 1184 768 0
x -9 548 51 551 4 24 WR\s2
w 64 576 64 512 0
x -14 621 39 624 4 24 EN\s2
w 64 1024 64 928 0
410 80 896 160 912 1 1-bit-register-v3 0\s0.1\s10000000000\s100000000 0\s0.5\s5 0\s2\s0\s5 0\s2\s0\s5 0\s2\s0\s5 0\s2\s0\s5 0\s0.5\s5 0\s0.5\s5 0\s0.5\s5 0\s0.5\s5 0\s0.5\s5 0\s0.5\s5 0\s2\s0\s5 0\s2\s0\s5 0\s2\s0\s5 0\s2\s5\s5 0\s1e-9\s8.881784197001252e-16\s0.001 0\s0\s40\s5\s0\s0\s0.5 0\s10000
410 224 896 304 912 1 1-bit-register-v3 0\s0.1\s10000000000\s100000000 0\s0.5\s5 0\s2\s0\s5 0\s2\s5\s5 0\s2\s5\s5 0\s2\s0\s5 0\s0.5\s5 0\s0.5\s5 0\s0.5\s5 0\s0.5\s5 0\s0.5\s5 0\s0.5\s5 0\s2\s0\s5 0\s2\s0\s5 0\s2\s5\s5 0\s2\s0\s5 0\s1e-9\s5\s0.001 0\s0\s40\s5\s0\s0\s0.5 0\s10000
w 176 864 176 832 0
w 320 816 320 864 0
w 176 832 176 816 0
w 224 896 224 864 0
w 224 928 208 928 0
w 208 928 208 864 0
w 224 960 192 960 0
w 192 960 192 864 0
w 80 896 80 864 0
w 80 928 64 928 0
w 64 928 64 864 0
w 80 960 48 960 0
w 48 960 48 864 0
w 48 864 48 848 0
w 48 848 0 848 0
w 64 864 64 832 0
w 80 864 80 816 0
w 80 816 0 816 0
w 192 848 192 864 0
w 64 832 208 832 0
w 176 816 176 768 0
w 80 816 224 816 0
w 320 816 320 768 0
w 608 816 608 768 0
w 368 816 512 816 0
w 464 816 464 768 0
w 512 864 512 816 0
w 496 832 496 864 0
w 352 832 496 832 0
w 480 848 480 864 0
w 336 848 480 848 0
w 368 816 288 816 0
w 368 864 368 816 0
w 352 832 288 832 0
w 352 864 352 832 0
w 336 848 288 848 0
w 336 864 336 848 0
w 336 960 336 864 0
w 368 960 336 960 0
w 352 928 352 864 0
w 368 928 352 928 0
w 368 896 368 864 0
w 480 960 480 864 0
w 512 960 480 960 0
w 496 928 496 864 0
w 512 928 496 928 0
w 512 896 512 864 0
w 464 832 464 816 0
w 608 816 608 864 0
w 464 864 464 832 0
410 512 896 592 912 1 1-bit-register-v3 0\s0.1\s10000000000\s100000000 0\s0.5\s5 0\s2\s0\s5 0\s2\s0\s5 0\s2\s0\s5 0\s2\s0\s5 0\s0.5\s5 0\s0.5\s5 0\s0.5\s5 0\s0.5\s5 0\s0.5\s5 0\s0.5\s5 0\s2\s0\s5 0\s2\s0\s5 0\s2\s0\s5 0\s2\s5\s5 0\s1e-9\s8.881784197001252e-16\s0.001 0\s0\s40\s5\s0\s0\s0.5 0\s10000
410 368 896 448 912 1 1-bit-register-v3 0\s0.1\s10000000000\s100000000 0\s0.5\s5 0\s2\s0\s5 0\s2\s5\s5 0\s2\s5\s5 0\s2\s0\s5 0\s0.5\s5 0\s0.5\s5 0\s0.5\s5 0\s0.5\s5 0\s0.5\s5 0\s0.5\s5 0\s2\s0\s5 0\s2\s0\s5 0\s2\s5\s5 0\s2\s0\s5 0\s1e-9\s5\s0.001 0\s0\s40\s5\s0\s0\s0.5 0\s10000
w 896 816 896 768 0
w 656 816 800 816 0
w 752 816 752 768 0
w 800 864 800 816 0
w 784 832 784 864 0
w 640 832 784 832 0
w 768 848 768 864 0
w 624 848 768 848 0
w 656 816 576 816 0
w 656 864 656 816 0
w 640 832 576 832 0
w 640 864 640 832 0
w 624 848 576 848 0
w 624 864 624 848 0
w 624 960 624 864 0
w 656 960 624 960 0
w 640 928 640 864 0
w 656 928 640 928 0
w 656 896 656 864 0
w 768 960 768 864 0
w 800 960 768 960 0
w 784 928 784 864 0
w 800 928 784 928 0
w 800 896 800 864 0
w 752 832 752 816 0
w 896 816 896 864 0
w 752 864 752 832 0
410 800 896 880 912 1 1-bit-register-v3 0\s0.1\s10000000000\s100000000 0\s0.5\s5 0\s2\s0\s5 0\s2\s0\s5 0\s2\s0\s5 0\s2\s0\s5 0\s0.5\s5 0\s0.5\s5 0\s0.5\s5 0\s0.5\s5 0\s0.5\s5 0\s0.5\s5 0\s2\s0\s5 0\s2\s0\s5 0\s2\s0\s5 0\s2\s5\s5 0\s1e-9\s8.881784197001252e-16\s0.001 0\s0\s40\s5\s0\s0\s0.5 0\s10000
410 656 896 736 912 1 1-bit-register-v3 0\s0.1\s10000000000\s100000000 0\s0.5\s5 0\s2\s0\s5 0\s2\s0\s5 0\s2\s0\s5 0\s2\s0\s5 0\s0.5\s5 0\s0.5\s5 0\s0.5\s5 0\s0.5\s5 0\s0.5\s5 0\s0.5\s5 0\s2\s0\s5 0\s2\s0\s5 0\s2\s0\s5 0\s2\s5\s5 0\s1e-9\s8.881784197001252e-16\s0.001 0\s0\s40\s5\s0\s0\s0.5 0\s10000
w 1184 816 1184 768 0
w 944 816 1088 816 0
w 1040 816 1040 768 0
w 1088 864 1088 816 0
w 1072 832 1072 864 0
w 928 832 1072 832 0
w 1056 848 1056 864 0
w 912 848 1056 848 0
w 944 816 864 816 0
w 944 864 944 816 0
w 928 832 864 832 0
w 928 864 928 832 0
w 912 848 864 848 0
w 912 864 912 848 0
w 912 960 912 864 0
w 944 960 912 960 0
w 928 928 928 864 0
w 944 928 928 928 0
w 944 896 944 864 0
w 1056 960 1056 864 0
w 1088 960 1056 960 0
w 1072 928 1072 864 0
w 1088 928 1072 928 0
w 1088 896 1088 864 0
w 1040 832 1040 816 0
w 1184 816 1184 864 0
w 1040 864 1040 832 0
410 1088 896 1168 912 1 1-bit-register-v3 0\s0.1\s10000000000\s100000000 0\s0.5\s5 0\s2\s0\s5 0\s2\s0\s5 0\s2\s0\s5 0\s2\s0\s5 0\s0.5\s5 0\s0.5\s5 0\s0.5\s5 0\s0.5\s5 0\s0.5\s5 0\s0.5\s5 0\s2\s0\s5 0\s2\s0\s5 0\s2\s0\s5 0\s2\s5\s5 0\s1e-9\s8.881784197001252e-16\s0.001 0\s0\s40\s5\s0\s0\s0.5 0\s10000
410 944 896 1024 912 1 1-bit-register-v3 0\s0.1\s10000000000\s100000000 0\s0.5\s5 0\s2\s0\s5 0\s2\s0\s5 0\s2\s0\s5 0\s2\s0\s5 0\s0.5\s5 0\s0.5\s5 0\s0.5\s5 0\s0.5\s5 0\s0.5\s5 0\s0.5\s5 0\s2\s0\s5 0\s2\s0\s5 0\s2\s0\s5 0\s2\s5\s5 0\s1e-9\s8.881784197001252e-16\s0.001 0\s0\s40\s5\s0\s0\s0.5 0\s10000
w 576 816 512 816 0
w 576 832 496 832 0
w 576 848 480 848 0
w 864 816 800 816 0
w 864 832 784 832 0
w 864 848 768 848 0
w 176 864 176 896 0
w 176 896 176 960 0
w 288 816 224 816 0
w 208 832 288 832 0
w 48 848 192 848 0
w 208 864 208 832 0
w 224 864 224 816 0
w 288 848 192 848 0
w 320 864 320 896 0
w 320 896 320 960 0
w 464 864 464 896 0
w 464 896 464 960 0
w 608 864 608 896 0
w 608 896 608 960 0
w 752 864 752 896 0
w 752 896 752 960 0
w 896 864 896 896 0
w 896 896 896 960 0
w 1040 864 1040 896 0
w 1040 896 1040 960 0
w 1184 864 1184 896 0
w 1184 896 1184 960 0
w 176 960 176 1024 0
w 320 960 320 1024 0
w 464 960 464 1024 0
w 608 960 608 1024 0
w 752 960 752 1024 0
w 896 960 896 1024 0
w 1040 960 1040 1024 0
w 1184 960 1184 1024 0
x -10 809 50 812 4 24 WR\s3
w 64 832 64 768 0
x -8 877 45 880 4 24 EN\s4
w -512 656 -384 656 0
w -512 592 -512 656 0
w -512 576 -512 592 0
w -384 592 -512 592 0
w -512 480 -512 464 0
w -512 528 -512 480 0
w -384 528 -512 528 0
w -384 464 -512 464 0
w -512 400 -512 336 0
w -384 400 -512 400 0
w -384 336 -512 336 0
w -512 272 -512 208 0
w -512 272 -512 320 0
w -384 272 -512 272 0
w -512 208 -384 208 0
w -944 256 -944 272 0
w -704 256 -944 256 0
w -832 240 -704 240 0
w -832 256 -832 240 0
w -832 336 -832 256 0
w -944 336 -832 336 0
v -1088 288 -1040 288 0 0 40 5 0 0 0.5
g -1088 288 -1104 288 0 0
s -1040 288 -1008 288 0 1 false
x -1036 261 -997 264 4 24 WR
w -944 272 -944 288 0
w -944 288 -1008 288 0
w -432 256 -704 256 0
w -432 304 -432 256 0
w -400 304 -432 304 0
w -416 240 -704 240 0
w -416 240 -416 368 0
w -400 240 -416 240 0
w -384 240 -400 240 0
w -416 368 -416 496 0
w -384 368 -416 368 0
w -416 496 -384 496 0
w -416 624 -416 496 0
w -384 624 -416 624 0
w -400 688 -384 688 0
w -400 560 -400 688 0
w -400 560 -384 560 0
w -400 432 -400 560 0
w -400 432 -384 432 0
w -400 304 -400 432 0
w -384 304 -400 304 0
w -304 608 -224 608 0
x -285 598 -232 601 4 24 4\sEN
x -286 665 -226 668 4 24 4\sWR
w -304 672 -224 672 0
150 -384 608 -304 608 0 2 5 5
150 -384 672 -304 672 0 2 0 5
x -366 598 -358 601 4 16 4
x -368 630 -346 633 4 16 EN
x -367 661 -359 664 4 16 4
x -369 692 -343 695 4 16 WR
w -304 480 -224 480 0
x -285 470 -232 473 4 24 3\sEN
x -286 537 -226 540 4 24 3\sWR
w -304 544 -224 544 0
150 -384 480 -304 480 0 2 0 5
150 -384 544 -304 544 0 2 0 5
x -366 470 -358 473 4 16 3
x -368 502 -346 505 4 16 EN
x -367 533 -359 536 4 16 3
x -369 564 -343 567 4 16 WR
w -304 352 -224 352 0
x -285 342 -232 345 4 24 2\sEN
x -286 409 -226 412 4 24 2\sWR
w -304 416 -224 416 0
150 -384 352 -304 352 0 2 0 5
150 -384 416 -304 416 0 2 0 5
x -366 342 -358 345 4 16 2
x -368 374 -346 377 4 16 EN
x -367 405 -359 408 4 16 2
x -369 436 -343 439 4 16 WR
x -369 308 -343 311 4 16 WR
x -367 277 -359 280 4 16 1
x -368 246 -346 249 4 16 EN
x -366 214 -358 217 4 16 1
150 -384 288 -304 288 0 2 0 5
150 -384 224 -304 224 0 2 0 5
w -304 288 -224 288 0
x -286 281 -226 284 4 24 1\sWR
x -285 214 -232 217 4 24 1\sEN
w -304 224 -224 224 0
w -736 416 -736 560 0
w -656 496 -656 528 0
w -704 480 -624 480 0
w -704 464 -704 480 0
w -752 464 -704 464 0
w -688 464 -688 480 0
w -624 464 -688 464 0
w -656 416 -656 432 0
w -944 352 -1008 352 0
w -944 336 -944 352 0
w -800 592 -656 592 0
w -800 512 -800 592 0
w -848 512 -800 512 0
w -752 576 -656 576 0
w -752 480 -752 576 0
w -800 480 -752 480 0
w -736 560 -656 560 0
w -768 416 -736 416 0
w -768 544 -784 544 0
w -768 528 -768 544 0
w -656 528 -768 528 0
w -752 464 -752 448 0
w -688 480 -688 496 0
w -816 496 -688 496 0
w -816 384 -816 496 0
w -784 336 -784 432 0
w -784 432 -784 544 0
w -656 432 -784 432 0
w -752 400 -656 400 0
w -752 448 -752 400 0
w -848 448 -752 448 0
w -768 416 -848 416 0
w -768 384 -768 416 0
w -656 384 -768 384 0
w -784 544 -848 544 0
w -800 480 -816 480 0
w -800 320 -800 480 0
w -848 480 -816 480 0
w -816 384 -848 384 0
w -816 304 -816 384 0
150 -624 576 -544 576 0 3 5 5
w -656 592 -624 592 0
w -624 576 -656 576 0
x -605 566 -591 569 6 12 A0
x -605 595 -591 598 4 12 A2
x -605 581 -591 584 6 12 A1
w -544 576 -512 576 0
x -530 567 -517 570 4 24 4
w -624 560 -656 560 0
150 -624 480 -544 480 0 3 0 5
w -656 496 -624 496 0
x -606 467 -592 470 4 12 A0
x -605 502 -591 505 6 12 A2
x -605 483 -591 486 4 12 A1
w -544 480 -512 480 0
x -530 471 -517 474 4 24 3
150 -624 400 -544 400 0 3 0 5
w -656 416 -624 416 0
w -624 400 -656 400 0
x -607 389 -593 392 6 12 A0
x -607 423 -593 426 6 12 A2
x -607 408 -593 411 4 12 A1
w -544 400 -512 400 0
x -534 393 -521 396 4 24 2
w -624 384 -656 384 0
w -624 304 -816 304 0
x -536 312 -523 315 4 24 1
x -1036 325 -1003 328 4 24 EN
s -1040 352 -1008 352 0 0 false
g -1088 352 -1104 352 0 0
v -1088 352 -1040 352 0 0 40 5 0 0 0.5
w -544 320 -512 320 0
x -607 328 -593 331 6 12 A1
x -864 536 -845 539 6 16 A2
x -866 503 -847 506 4 16 A2
x -867 471 -848 474 6 16 A1
x -866 441 -847 444 4 16 A1
x -867 376 -848 379 4 16 A0
w -864 544 -848 544 0
w -864 512 -848 512 0
w -864 480 -848 480 0
w -864 448 -848 448 0
w -864 416 -848 416 0
w -864 384 -848 384 0
x -867 409 -848 412 6 16 A0
I -912 544 -864 544 0 0.5 5
w -928 544 -928 528 0
w -928 528 -928 512 0
w -928 512 -864 512 0
w -912 544 -928 544 0
I -912 480 -864 480 0 0.5 5
w -928 480 -928 464 0
w -928 464 -928 448 0
w -928 448 -864 448 0
w -912 480 -928 480 0
w -912 416 -928 416 0
w -928 384 -864 384 0
w -928 400 -928 384 0
w -928 416 -928 400 0
w -960 416 -928 416 0
w -960 480 -928 480 0
w -960 544 -928 544 0
w -960 704 -944 704 0
w -960 672 -944 672 0
w -960 640 -944 640 0
w -960 608 -960 640 0
w -976 704 -960 704 0
w -976 672 -960 672 0
w -976 608 -976 672 0
w -960 544 -960 608 0
w -1008 544 -960 544 0
w -976 480 -960 480 0
w -976 480 -976 608 0
w -1008 480 -976 480 0
w -992 416 -960 416 0
w -992 704 -976 704 0
w -992 416 -992 704 0
w -1008 416 -992 416 0
419 -944 640 -880 640 0 3
v -1088 544 -1040 544 0 0 40 5 0 0 0.5
g -1088 544 -1104 544 0 0
v -1088 480 -1040 480 0 0 40 5 0 0 0.5
g -1088 480 -1104 480 0 0
v -1088 416 -1040 416 0 0 40 5 0 0 0.5
g -1088 416 -1104 416 0 0
s -1040 544 -1008 544 0 0 false
s -1040 480 -1008 480 0 1 false
s -1040 416 -1008 416 0 1 false
x -1037 515 -1008 518 4 24 A2
x -1035 455 -1006 458 4 24 A1
x -606 343 -592 346 6 12 A2
x -607 309 -593 312 4 12 A0
w -624 320 -800 320 0
w -784 336 -624 336 0
150 -624 320 -544 320 0 3 0 5
I -912 416 -864 416 0 0.5 5
x -1036 389 -1007 392 4 24 A0
w 0 48 -176 48 0
w -176 48 -176 288 0
w -176 288 -224 288 0
w 0 80 -192 80 0
w -192 80 -192 224 0
w -192 224 -224 224 0
w -224 352 -176 352 0
w 0 336 -160 336 0
w -176 336 -160 336 0
w -176 336 -176 352 0
w 0 304 -192 304 0
w -192 304 -192 416 0
w -192 416 -224 416 0
w -224 480 -176 480 0
w -176 480 -176 592 0
w -176 592 0 592 0
w 0 560 -192 560 0
w -192 560 -192 544 0
w -192 544 -224 544 0
w -224 608 -64 608 0
w -64 608 -64 816 0
w 0 848 -64 848 0
w -64 816 -64 832 0
w -64 848 -64 832 0
w -224 672 -96 672 0
w -96 672 -96 816 0
w -96 816 0 816 0
