$ 1 0.000005 10.20027730826997 50 5 43 5e-11
w 496 1616 496 1648 0
w 608 1616 496 1616 0
w 624 1648 624 1728 0
w 496 1648 528 1648 0
180 560 1648 624 1648 0 0.1 10000000000 100000000
w 528 1648 528 1680 0
w 592 1664 592 1680 0
w 592 1680 528 1680 0
w 560 1648 528 1648 0
w 560 1728 528 1728 0
w 592 1760 528 1760 0
w 592 1744 592 1760 0
w 528 1728 528 1760 0
180 560 1728 624 1728 0 0.1 10000000000 100000000
w 496 1728 528 1728 0
w 176 1728 112 1728 0
w 192 1728 176 1728 0
150 432 1728 496 1728 0 2 0 5
w 192 1712 432 1712 0
w 192 1728 192 1712 0
w 192 1744 192 1728 0
w 208 1744 192 1744 0
w 256 1744 240 1744 0
w 304 1744 288 1744 0
w 352 1744 336 1744 0
w 400 1744 384 1744 0
I 400 1744 432 1744 0 0.5 5
I 352 1744 384 1744 0 0.5 5
I 304 1744 336 1744 0 0.5 5
I 256 1744 288 1744 0 0.5 5
I 208 1744 240 1744 0 0.5 5
g 112 1744 112 1760 0 0
v 112 1744 112 1728 0 0 40 5 0 0 0.5
x 52 277 81 280 4 24 A0
I 176 304 224 304 0 0.5 5
150 464 208 544 208 0 3 0 5
w 304 224 464 224 0
w 464 208 288 208 0
x 481 197 495 200 4 12 A0
x 482 231 496 234 6 12 A2
x 53 343 82 346 4 24 A1
x 51 403 80 406 4 24 A2
s 48 304 80 304 0 1 false
s 48 368 80 368 0 1 false
s 48 432 80 432 0 0 false
g 0 304 -16 304 0 0
v 0 304 48 304 0 0 40 5 0 0 0.5
g 0 368 -16 368 0 0
v 0 368 48 368 0 0 40 5 0 0 0.5
g 0 432 -16 432 0 0
v 0 432 48 432 0 0 40 5 0 0 0.5
419 144 528 208 528 0 3
w 80 304 96 304 0
w 96 304 96 592 0
w 96 592 112 592 0
w 96 304 128 304 0
w 80 368 112 368 0
w 112 368 112 496 0
w 112 368 128 368 0
w 80 432 128 432 0
w 128 432 128 496 0
w 112 496 112 560 0
w 112 560 128 560 0
w 112 592 128 592 0
w 128 496 128 528 0
w 128 528 144 528 0
w 128 560 144 560 0
w 128 592 144 592 0
w 128 432 160 432 0
w 128 368 160 368 0
w 128 304 160 304 0
w 160 304 160 288 0
w 160 288 160 272 0
w 160 272 224 272 0
w 176 304 160 304 0
w 176 368 160 368 0
w 160 336 224 336 0
w 160 352 160 336 0
w 160 368 160 352 0
I 176 368 224 368 0 0.5 5
w 176 432 160 432 0
w 160 400 224 400 0
w 160 416 160 400 0
w 160 432 160 416 0
I 176 432 224 432 0 0.5 5
x 221 297 240 300 6 16 A0
w 224 272 240 272 0
w 224 304 240 304 0
w 224 336 240 336 0
w 224 368 240 368 0
w 224 400 240 400 0
w 224 432 240 432 0
x 221 264 240 267 4 16 A0
x 222 329 241 332 4 16 A1
x 221 359 240 362 6 16 A1
x 222 391 241 394 4 16 A2
x 224 424 243 427 6 16 A2
x 481 216 495 219 6 12 A1
w 544 208 576 208 0
v 0 240 48 240 0 0 40 5 0 0 0.5
g 0 240 -16 240 0 0
s 48 240 80 240 0 1 false
x 52 213 85 216 4 24 EN
x 552 200 565 203 4 24 1
w 464 192 272 192 0
w 464 272 432 272 0
x 554 281 567 284 4 24 2
w 544 288 576 288 0
x 481 296 495 299 4 12 A1
x 481 311 495 314 6 12 A2
x 481 277 495 280 6 12 A0
w 464 288 432 288 0
w 432 304 464 304 0
150 464 288 544 288 0 3 0 5
x 558 359 571 362 4 24 3
w 544 368 576 368 0
x 483 371 497 374 4 12 A1
x 483 390 497 393 6 12 A2
x 482 355 496 358 4 12 A0
w 432 384 464 384 0
150 464 368 544 368 0 3 0 5
w 464 448 432 448 0
x 558 455 571 458 4 24 4
w 544 464 576 464 0
x 483 469 497 472 6 12 A1
x 483 483 497 486 4 12 A2
x 483 454 497 457 6 12 A0
w 464 464 432 464 0
w 432 480 464 480 0
150 464 464 544 464 0 3 5 5
w 272 192 272 272 0
w 272 272 240 272 0
w 240 368 272 368 0
w 288 208 288 368 0
w 288 368 272 368 0
w 304 432 240 432 0
w 432 272 320 272 0
w 320 272 320 304 0
w 320 304 240 304 0
w 240 336 336 336 0
w 336 336 336 288 0
w 336 288 432 288 0
w 432 320 304 320 0
w 304 320 304 432 0
w 304 224 304 320 0
w 272 272 272 384 0
w 272 384 400 384 0
w 400 368 400 384 0
w 336 352 336 336 0
w 432 416 320 416 0
w 320 416 320 432 0
w 320 432 304 432 0
w 320 304 352 304 0
w 352 448 432 448 0
w 288 368 336 368 0
w 336 368 336 464 0
w 336 464 432 464 0
w 240 400 288 400 0
w 288 400 288 480 0
w 288 480 432 480 0
w 144 224 144 240 0
w 144 240 80 240 0
w 432 304 432 320 0
w 464 352 400 352 0
w 400 352 400 368 0
w 336 352 384 352 0
w 384 352 384 368 0
w 384 368 464 368 0
w 432 384 432 416 0
w 352 304 352 448 0
w 784 112 864 112 0
x 803 102 856 105 4 24 1\sEN
x 802 169 862 172 4 24 1\sWR
w 784 176 864 176 0
150 704 112 784 112 0 2 0 5
150 704 176 784 176 0 2 0 5
x 722 102 730 105 4 16 1
x 720 134 742 137 4 16 EN
x 721 165 729 168 4 16 1
x 719 196 745 199 4 16 WR
x 719 324 745 327 4 16 WR
x 721 293 729 296 4 16 2
x 720 262 742 265 4 16 EN
x 722 230 730 233 4 16 2
150 704 304 784 304 0 2 0 5
150 704 240 784 240 0 2 0 5
w 784 304 864 304 0
x 802 297 862 300 4 24 2\sWR
x 803 230 856 233 4 24 2\sEN
w 784 240 864 240 0
x 719 452 745 455 4 16 WR
x 721 421 729 424 4 16 3
x 720 390 742 393 4 16 EN
x 722 358 730 361 4 16 3
150 704 432 784 432 0 2 0 5
150 704 368 784 368 0 2 0 5
w 784 432 864 432 0
x 802 425 862 428 4 24 3\sWR
x 803 358 856 361 4 24 3\sEN
w 784 368 864 368 0
x 719 580 745 583 4 16 WR
x 721 549 729 552 4 16 4
x 720 518 742 521 4 16 EN
x 722 486 730 489 4 16 4
150 704 560 784 560 0 2 0 5
150 704 496 784 496 0 2 0 5
w 784 560 864 560 0
x 802 553 862 556 4 24 4\sWR
x 803 486 856 489 4 24 4\sEN
w 784 496 864 496 0
w 704 192 688 192 0
w 688 192 688 320 0
w 688 320 704 320 0
w 688 320 688 448 0
w 688 448 704 448 0
w 688 448 688 576 0
w 688 576 704 576 0
w 704 512 672 512 0
w 672 512 672 384 0
w 672 384 704 384 0
w 704 256 672 256 0
w 672 256 672 384 0
w 704 128 688 128 0
w 688 128 672 128 0
w 672 128 672 256 0
w 672 128 384 128 0
w 688 192 656 192 0
w 656 192 656 144 0
w 656 144 384 144 0
w 144 176 80 176 0
w 144 160 144 176 0
x 52 149 91 152 4 24 WR
s 48 176 80 176 0 1 false
g 0 176 -16 176 0 0
v 0 176 48 176 0 0 40 5 0 0 0.5
w 144 224 256 224 0
w 256 224 256 144 0
w 256 144 256 128 0
w 256 128 384 128 0
w 384 144 144 144 0
w 144 144 144 160 0
w 576 96 704 96 0
w 704 160 576 160 0
w 576 160 576 208 0
w 576 160 576 96 0
w 704 224 576 224 0
w 704 288 576 288 0
w 576 288 576 224 0
w 704 352 576 352 0
w 704 416 576 416 0
w 576 416 576 368 0
w 576 368 576 352 0
w 704 480 576 480 0
w 576 464 576 480 0
w 576 480 576 544 0
w 576 544 704 544 0
