$ 1 0.000005 10.20027730826997 50 5 43 5e-11
w 496 1616 496 1648 0
w 608 1616 496 1616 0
w 624 1648 624 1728 0
w 496 1648 528 1648 0
180 560 1648 624 1648 0 0.1 10000000000 100000000
w 528 1648 528 1680 0
w 592 1664 592 1680 0
w 592 1680 528 1680 0
w 560 1648 528 1648 0
w 560 1728 528 1728 0
w 592 1760 528 1760 0
w 592 1744 592 1760 0
w 528 1728 528 1760 0
180 560 1728 624 1728 0 0.1 10000000000 100000000
w 496 1728 528 1728 0
w 176 1728 112 1728 0
w 192 1728 176 1728 0
150 432 1728 496 1728 0 2 0 5
w 192 1712 432 1712 0
w 192 1728 192 1712 0
w 192 1744 192 1728 0
w 208 1744 192 1744 0
w 256 1744 240 1744 0
w 304 1744 288 1744 0
w 352 1744 336 1744 0
w 400 1744 384 1744 0
I 400 1744 432 1744 0 0.5 5
I 352 1744 384 1744 0 0.5 5
I 304 1744 336 1744 0 0.5 5
I 256 1744 288 1744 0 0.5 5
I 208 1744 240 1744 0 0.5 5
g 112 1744 112 1760 0 0
v 112 1744 112 1728 0 0 40 5 0 0 0.5
x 52 277 81 280 4 24 A0
I 176 304 224 304 0 0.5 5
150 464 192 544 192 0 4 0 5
w 432 208 464 208 0
w 464 176 432 176 0
x 481 165 495 168 4 12 A0
x 480 211 494 214 6 12 A2
x 53 343 82 346 4 24 A1
x 51 403 80 406 4 24 A2
s 48 304 80 304 0 1 false
s 48 368 80 368 0 1 false
s 48 432 80 432 0 1 false
g 0 304 -16 304 0 0
v 0 304 48 304 0 0 40 5 0 0 0.5
g 0 368 -16 368 0 0
v 0 368 48 368 0 0 40 5 0 0 0.5
g 0 432 -16 432 0 0
v 0 432 48 432 0 0 40 5 0 0 0.5
419 144 528 208 528 0 3
w 80 304 96 304 0
w 96 304 96 592 0
w 96 592 112 592 0
w 96 304 128 304 0
w 80 368 112 368 0
w 112 368 112 496 0
w 112 368 128 368 0
w 80 432 128 432 0
w 128 432 128 496 0
w 112 496 112 560 0
w 112 560 128 560 0
w 112 592 128 592 0
w 128 496 128 528 0
w 128 528 144 528 0
w 128 560 144 560 0
w 128 592 144 592 0
w 128 432 160 432 0
w 128 368 160 368 0
w 128 304 160 304 0
w 160 304 160 288 0
w 160 288 160 272 0
w 160 272 224 272 0
w 176 304 160 304 0
w 176 368 160 368 0
w 160 336 224 336 0
w 160 352 160 336 0
w 160 368 160 352 0
I 176 368 224 368 0 0.5 5
w 176 432 160 432 0
w 160 400 224 400 0
w 160 416 160 400 0
w 160 432 160 416 0
I 176 432 224 432 0 0.5 5
x 221 297 240 300 6 16 A0
w 224 272 240 272 0
w 224 304 240 304 0
w 224 336 240 336 0
w 224 368 240 368 0
w 224 400 240 400 0
w 224 432 240 432 0
x 221 264 240 267 4 16 A0
x 222 329 241 332 4 16 A1
x 221 359 240 362 6 16 A1
x 222 391 241 394 4 16 A2
x 224 424 243 427 6 16 A2
w 464 224 432 224 0
x 481 184 495 187 6 12 A1
w 544 192 576 192 0
v 0 240 48 240 0 0 40 5 0 0 0.5
g 0 240 -16 240 0 0
s 48 240 80 240 0 0 false
x 52 213 85 216 4 24 EN
x 558 183 571 186 4 24 1
x 480 227 497 230 4 12 EN
w 464 160 432 160 0
w 464 272 432 272 0
x 480 339 497 342 4 12 EN
x 558 295 571 298 4 24 2
w 544 304 576 304 0
x 481 296 495 299 4 12 A1
w 464 336 432 336 0
x 480 323 494 326 6 12 A2
x 481 277 495 280 6 12 A0
w 464 288 432 288 0
w 432 320 464 320 0
150 464 304 544 304 0 4 0 5
w 464 368 432 368 0
x 480 435 497 438 4 12 EN
x 558 391 571 394 4 24 3
w 544 400 576 400 0
x 481 392 495 395 4 12 A1
w 464 432 432 432 0
x 480 419 494 422 6 12 A2
x 481 373 495 376 4 12 A0
w 464 384 432 384 0
w 432 416 464 416 0
150 464 400 544 400 0 4 0 5
w 464 464 432 464 0
x 480 531 497 534 4 12 EN
x 558 487 571 490 4 24 4
w 544 496 576 496 0
x 481 488 495 491 6 12 A1
w 464 528 432 528 0
x 480 515 494 518 4 12 A2
x 481 469 495 472 6 12 A0
w 464 480 432 480 0
w 432 512 464 512 0
150 464 496 544 496 0 4 0 5
w 432 528 416 528 0
w 416 528 416 432 0
w 416 432 432 432 0
w 416 432 416 336 0
w 416 336 432 336 0
w 432 224 416 224 0
w 416 224 416 336 0
w 432 160 272 160 0
w 272 160 272 272 0
w 272 272 240 272 0
w 240 368 272 368 0
w 432 176 288 176 0
w 288 176 288 368 0
w 288 368 272 368 0
w 432 208 304 208 0
w 304 432 240 432 0
w 432 272 320 272 0
w 320 272 320 304 0
w 320 304 240 304 0
w 240 336 336 336 0
w 336 336 336 288 0
w 336 288 432 288 0
w 432 320 304 320 0
w 304 320 304 432 0
w 304 208 304 320 0
w 272 272 272 384 0
w 272 384 400 384 0
w 400 368 400 384 0
w 400 368 432 368 0
w 432 384 432 352 0
w 432 352 336 352 0
w 336 352 336 336 0
w 432 416 320 416 0
w 320 416 320 432 0
w 320 432 304 432 0
w 320 304 352 304 0
w 352 304 352 464 0
w 352 464 432 464 0
w 288 368 336 368 0
w 336 368 336 480 0
w 336 480 432 480 0
w 240 400 288 400 0
w 288 400 288 512 0
w 288 512 432 512 0
w 416 224 144 224 0
w 144 224 144 240 0
w 144 240 80 240 0
