$ 1 0.000005 10.20027730826997 50 5 43 5e-11
x -172 341 -156 344 4 24 A
x -174 392 -158 395 4 24 B
x -176 442 -160 445 4 24 Y
154 -96 304 -16 304 0 2 0 5
154 80 320 160 320 0 2 0 5
150 -80 400 0 400 0 2 5 5
x -74 310 -57 313 4 24 C
x 106 328 126 331 4 24 M
w -192 352 -128 352 0
w -128 352 -128 288 0
w -128 288 -96 288 0
w -192 400 -112 400 0
w -112 400 -112 320 0
w -112 320 -96 320 0
w -192 448 -144 448 0
w -144 448 -144 368 0
w -144 368 -32 368 0
w -32 368 -32 336 0
w -32 336 -16 336 0
150 0 432 80 432 0 2 0 5
w -16 304 0 304 0
w 0 304 32 304 0
w 16 336 32 336 0
w -16 336 16 336 0
152 80 416 160 416 0 2 5 5
w -144 448 0 448 0
w -80 384 -128 384 0
w -128 384 -128 352 0
w -112 400 -112 416 0
w -112 416 -80 416 0
w 0 416 0 304 0
w 0 400 80 400 0
w 32 304 80 304 0
w 32 336 80 336 0
x 110 426 126 429 4 24 K
x -54 407 -36 410 4 24 O
x 26 437 38 440 4 24 J
x 58 80 163 83 4 24 Number\s1
x 370 77 475 80 4 24 Number\s2
s 112 128 112 160 0 0 false
s 80 128 80 160 0 1 false
s 144 128 144 160 0 0 false
s 48 128 48 160 0 0 false
x -11 149 29 152 4 24 Bits
x 138 115 151 118 4 24 0
x 107 116 120 119 4 24 1
x 73 116 86 119 4 24 2
x 41 116 54 119 4 24 3
w 272 16 272 48 0
g 272 0 272 -16 0 0
v 272 0 272 16 0 0 40 5 0 0 0.5
w 48 128 80 128 0
w 80 128 112 128 0
w 112 128 144 128 0
w 432 128 464 128 0
w 400 128 432 128 0
w 368 128 400 128 0
x 361 116 374 119 4 24 3
x 393 118 406 121 4 24 2
x 427 116 440 119 4 24 1
x 458 115 471 118 4 24 0
x 483 151 523 154 4 24 Bits
s 368 128 368 160 0 0 false
s 464 128 464 160 0 0 false
s 400 128 400 160 0 1 false
s 432 128 432 160 0 1 false
w 272 48 272 128 0
w 272 128 368 128 0
w 272 128 144 128 0
x 26 661 38 664 4 24 J
x -54 631 -36 634 4 24 O
x 110 650 126 653 4 24 K
w 32 560 80 560 0
w 32 528 80 528 0
w 0 624 80 624 0
w 0 640 0 528 0
w -112 640 -80 640 0
w -112 624 -112 640 0
w -128 608 -128 576 0
w -80 608 -128 608 0
w -144 672 0 672 0
152 80 640 160 640 0 2 5 5
w -16 560 16 560 0
w 16 560 32 560 0
w 0 528 32 528 0
w -16 528 0 528 0
150 0 656 80 656 0 2 5 5
w -32 560 -16 560 0
w -32 592 -32 560 0
w -144 592 -32 592 0
w -144 672 -144 592 0
w -192 672 -144 672 0
w -112 544 -96 544 0
w -112 624 -112 544 0
w -192 624 -112 624 0
w -128 512 -96 512 0
w -128 576 -128 512 0
w -192 576 -128 576 0
x 106 552 126 555 4 24 M
x -74 534 -57 537 4 24 C
150 -80 624 0 624 0 2 0 5
154 80 544 160 544 0 2 0 5
154 -96 528 -16 528 0 2 5 5
x -176 666 -160 669 4 24 Y
x -174 616 -158 619 4 24 B
x -172 565 -156 568 4 24 A
x 474 405 486 408 4 24 J
x 394 375 412 378 4 24 O
x 558 394 574 397 4 24 K
w 480 304 528 304 0
w 480 272 528 272 0
w 448 368 528 368 0
w 448 384 448 272 0
w 336 384 368 384 0
w 336 368 336 384 0
w 320 352 320 320 0
w 368 352 320 352 0
w 304 416 448 416 0
152 528 384 608 384 0 2 0 5
w 432 304 464 304 0
w 464 304 480 304 0
w 448 272 480 272 0
w 432 272 448 272 0
150 448 400 528 400 0 2 0 5
w 416 304 432 304 0
w 416 336 416 304 0
w 304 336 416 336 0
w 304 416 304 336 0
w 256 416 304 416 0
w 336 288 352 288 0
w 336 368 336 288 0
w 256 368 336 368 0
w 320 256 352 256 0
w 320 320 320 256 0
w 256 320 320 320 0
x 554 296 574 299 4 24 M
x 374 278 391 281 4 24 C
150 368 368 448 368 0 2 0 5
154 528 288 608 288 0 2 5 5
154 352 272 432 272 0 2 0 5
x 272 410 288 413 4 24 Y
x 274 360 290 363 4 24 B
x 276 309 292 312 4 24 A
x 490 629 502 632 4 24 J
x 410 599 428 602 4 24 O
x 574 618 590 621 4 24 K
w 496 528 544 528 0
w 496 496 544 496 0
w 464 592 544 592 0
w 464 608 464 496 0
w 352 608 384 608 0
w 352 592 352 608 0
w 336 576 336 544 0
w 384 576 336 576 0
w 320 640 464 640 0
152 544 608 624 608 0 2 5 5
w 448 528 480 528 0
w 480 528 496 528 0
w 464 496 496 496 0
w 448 496 464 496 0
150 464 624 544 624 0 2 0 5
w 432 528 448 528 0
w 432 560 432 528 0
w 320 560 432 560 0
w 320 640 320 560 0
w 272 640 320 640 0
w 352 512 368 512 0
w 352 592 352 512 0
w 272 592 352 592 0
w 336 480 368 480 0
w 336 544 336 480 0
w 272 544 336 544 0
x 570 520 590 523 4 24 M
x 390 502 407 505 4 24 C
150 384 592 464 592 0 2 5 5
154 544 512 624 512 0 2 0 5
154 368 496 448 496 0 2 0 5
x 288 634 304 637 4 24 Y
x 290 584 306 587 4 24 B
x 292 533 308 536 4 24 A
w 144 768 144 832 0
w 192 768 192 832 0
w 240 768 240 832 0
w 288 768 288 832 0
x 281 857 294 860 4 24 0
x 233 857 246 860 4 24 1
x 185 860 198 863 4 24 2
x 137 857 150 860 4 24 4
x 87 858 100 861 4 24 5
w 96 832 96 768 0
w 160 320 176 320 0
w 176 320 192 320 0
w 192 320 192 704 0
w 192 704 288 704 0
w 288 704 288 768 0
w 160 544 176 544 0
w 176 544 176 720 0
w 176 720 240 720 0
w 240 720 240 768 0
w 608 288 624 288 0
w 624 288 624 448 0
w 624 448 224 448 0
w 224 448 224 736 0
w 224 736 192 736 0
w 192 736 192 768 0
w 624 512 624 464 0
w 624 464 208 464 0
w 208 464 208 752 0
w 208 752 144 752 0
w 144 752 144 768 0
w 624 608 640 608 0
w 96 688 640 688 0
w 640 608 640 688 0
w 96 768 96 688 0
w 144 224 144 240 0
w 144 240 -192 240 0
w -192 240 -192 352 0
w 144 224 144 160 0
w 464 160 464 208 0
w 464 208 -208 208 0
w -208 208 -208 400 0
w -208 400 -192 400 0
w 160 416 160 480 0
w 160 480 -240 480 0
w -240 480 -240 672 0
w -240 672 -192 672 0
w 432 160 432 176 0
w 432 176 -224 176 0
w -224 176 -224 576 0
w -224 576 -192 576 0
w 112 160 112 192 0
w 112 192 -240 192 0
w -240 192 -256 192 0
w -256 192 -256 624 0
w -256 624 -192 624 0
w 160 640 240 640 0
w 240 640 240 416 0
w 240 416 256 416 0
w 400 160 400 192 0
w 400 192 256 192 0
w 256 192 240 192 0
w 240 192 240 368 0
w 240 368 256 368 0
w 80 160 80 256 0
w 80 256 224 256 0
w 224 256 224 320 0
w 224 320 256 320 0
w 368 160 368 224 0
w 368 224 256 224 0
w 256 224 256 544 0
w 256 544 256 592 0
w 256 592 272 592 0
w 48 160 48 272 0
w 48 272 272 272 0
w 272 272 272 544 0
w 608 384 608 432 0
w 608 432 288 432 0
w 288 432 288 608 0
w 288 608 272 608 0
w 272 608 272 640 0
