$ 1 0.000005 10.20027730826997 50 5 43 5e-11
x 57 298 103 301 4 24 CLK
v 16 320 16 272 0 0 40 5 0 0 0.5
g 16 320 16 336 0 0
s 48 272 112 272 0 1 true
w 48 272 16 272 0
g -32 288 -32 304 0 0
v -32 288 -32 240 0 0 40 5 0 0 0.5
s -32 240 32 240 0 1 false
x -28 213 32 216 4 24 DATA
156 256 240 336 240 0 0
156 256 112 336 112 0 0
156 256 -16 336 -16 0 0
w 256 16 224 16 0
w 224 144 256 144 0
w 224 272 256 272 0
w 224 272 192 272 0
I 224 304 256 304 0 0.5 5
w 208 240 256 240 0
w 208 240 32 240 0
I 224 176 256 176 0 0.5 5
I 224 48 256 48 0 0.5 5
w 224 48 208 48 0
w 352 240 368 240 0
w 368 240 368 208 0
w 368 208 192 208 0
w 256 112 192 112 0
w 192 112 192 176 0
w 192 176 224 176 0
w 192 176 192 208 0
w 208 48 192 48 0
w 256 -16 192 -16 0
w 192 -16 192 48 0
w 192 48 192 80 0
w 192 80 352 80 0
w 352 80 352 112 0
w 208 240 208 304 0
w 208 304 224 304 0
w 224 144 176 144 0
w 176 144 160 144 0
w 160 144 160 16 0
w 160 16 224 16 0
w 160 144 160 256 0
w 160 256 160 272 0
w 160 272 192 272 0
w 160 272 112 272 0
162 368 -16 416 -16 2 default-led 1 0 0 0.01
g 416 -16 432 -16 0 0
g 416 112 432 112 0 0
162 368 112 416 112 2 default-led 1 0 0 0.01
g 416 240 432 240 0 0
162 368 240 416 240 2 default-led 1 0 0 0.01
w 368 -16 352 -16 0
w 368 112 352 112 0
w 368 -144 352 -144 0
g 416 -144 432 -144 0 0
162 368 -144 416 -144 2 default-led 1 0 0 0.01
w 160 -112 224 -112 0
w 160 16 160 -112 0
w 352 -48 352 -16 0
w 192 -48 352 -48 0
w 192 -80 192 -48 0
w 192 -144 192 -80 0
w 256 -144 192 -144 0
w 208 -80 192 -80 0
w 224 -80 208 -80 0
I 224 -80 256 -80 0 0.5 5
w 256 -112 224 -112 0
156 256 -144 336 -144 0 0
