$ 1 0.000005 89.03963197220334 50 5 50 5e-11
a 864 368 944 368 9 5 0 1000000 3.333333333333333 2.8366330726657476 100000
a 864 464 944 464 9 5 -150 1000000 2.8366330726657476 1.6666666666666665 100000
r 784 304 784 352 0 5000
r 784 384 784 432 0 5000
r 784 464 784 512 0 5000
w 784 352 784 384 0
162 1184 464 1232 464 2 default-led 1 0 0 0.01
t 1200 304 1216 304 0 1 -4.978580514298055 1.1172877178194288e-9 100 default
w 1168 304 1200 304 0
w 864 384 784 384 2
w 864 448 784 448 2
w 784 432 784 448 0
w 784 448 784 464 0
w 1216 336 1216 320 0
w 784 512 784 528 0
v 656 224 656 256 0 0 40 5 0 0 0.5
w 656 256 656 288 0
w 784 288 784 304 0
r 672 320 672 368 0 1000
r 672 400 672 448 0 100000
w 784 288 672 288 0
w 672 288 656 288 0
w 672 448 672 464 0
w 672 320 672 288 0
w 672 464 672 480 0
w 672 480 864 480 2
w 672 464 720 464 0
w 720 464 720 352 0
w 720 352 864 352 2
w 672 384 704 384 0
w 704 384 704 240 0
w 704 240 1152 240 0
w 1216 240 1216 288 0
w 672 400 672 384 0
w 672 384 672 368 0
w 1248 464 1232 464 0
209 672 480 672 512 0 0.000001 2.8366330726657476 0.001 1
w 672 528 672 512 0
153 976 352 1072 352 0 2 5 5
153 976 464 1072 464 0 2 0 5
w 1072 352 1072 384 0
w 1072 384 1072 400 0
w 1072 400 944 400 0
w 944 400 944 432 0
w 1072 464 1072 432 0
w 944 432 944 448 0
w 944 448 976 448 0
w 1072 432 1072 416 0
w 1072 416 960 416 0
w 960 416 960 368 0
w 960 368 976 368 0
w 1168 352 1168 304 0
w 944 368 976 336 0
w 944 464 976 480 0
r 1280 496 1280 464 0 1000
w 1216 240 1152 240 0
w 1072 352 1184 464 0
g 1216 336 1216 352 0 0
g 672 528 672 544 0 0
g 784 528 784 544 0 0
g 1280 512 1280 528 0 0
w 1248 464 1280 464 0
w 1280 512 1280 496 0
g 656 224 656 192 0 0
r 1168 352 1168 400 0 220
w 1072 464 1168 400 0
o 56 64 0 4099 5 0.0033223433577332945 0 2 56 3
