$ 1 0.000005 1.1208435524800693 50 5 50 5e-11
r 784 304 784 352 0 5000
r 784 384 784 432 0 5000
r 784 464 784 512 0 5000
w 784 352 784 384 0
w 864 384 784 384 2
w 864 448 784 448 2
w 784 432 784 448 0
w 784 448 784 464 0
w 784 512 784 528 2
v 656 224 656 256 0 0 40 5 0 0 0.5
w 656 256 656 288 0
w 784 288 784 304 0
w 784 288 672 288 0
w 672 288 656 288 0
g 784 528 784 544 0 0
g 656 224 656 192 0 0
x 795 346 811 349 4 12 R1
x 795 426 811 429 4 12 R2
x 794 506 810 509 4 12 R3
x 607 250 636 253 4 24 5V
x 824 396 857 399 4 12 Reset
x 824 460 842 463 4 12 Set
a 864 464 944 464 9 5 -150 1000000 0 1.6666666666666665 100000
a 864 368 944 368 9 5 0 1000000 3.333333333333333 0 100000
x 864 317 897 320 4 12 Reset
x 870 512 888 515 4 12 Set
x 849 329 915 332 4 12 Comparator
x 847 523 913 526 4 12 Comparator
w 944 464 976 480 0
x 1053 480 1110 483 4 12 Discharge
w 1072 352 1120 352 0
w 1072 464 1120 464 0
w 944 368 976 336 0
w 960 368 976 368 0
w 960 416 960 368 0
w 1072 416 960 416 0
w 1072 432 1072 416 0
w 944 448 976 448 0
w 1072 464 1072 432 0
w 1072 400 944 400 0
w 1072 384 1072 400 0
w 1072 352 1072 384 0
153 976 464 1072 464 0 2 0 5
153 976 352 1072 352 0 2 5 5
w 944 448 944 400 0
x 980 328 991 331 4 15 R
x 982 474 992 477 4 15 S
x 1054 369 1066 372 4 15 Q
x 1055 456 1067 459 6 15 Q
x 1056 345 1092 348 4 12 Output
