$ 1 0.000005 10.20027730826997 50 5 43 5e-11
x 228 1541 244 1544 4 24 A
x 226 1592 242 1595 4 24 B
x 224 1642 240 1645 4 24 Y
154 304 1504 384 1504 0 2 5 5
154 480 1520 560 1520 0 2 0 5
150 320 1600 400 1600 0 2 0 5
x 326 1510 343 1513 4 24 C
x 506 1528 526 1531 4 24 M
w 208 1552 272 1552 0
w 272 1552 272 1488 0
w 272 1488 304 1488 0
w 208 1600 288 1600 0
w 288 1600 288 1520 0
w 288 1520 304 1520 0
w 208 1648 256 1648 0
w 256 1648 256 1568 0
w 256 1568 368 1568 0
w 368 1568 368 1536 0
w 368 1536 384 1536 0
150 400 1632 480 1632 0 2 5 5
w 384 1504 400 1504 0
w 400 1504 432 1504 0
w 416 1536 432 1536 0
w 384 1536 416 1536 0
152 480 1616 560 1616 0 2 5 5
w 256 1648 400 1648 0
w 320 1584 272 1584 0
w 272 1584 272 1552 0
w 288 1600 288 1616 0
w 288 1616 320 1616 0
w 400 1616 400 1504 0
w 400 1600 480 1600 0
w 432 1504 480 1504 0
w 432 1536 480 1536 0
x 510 1626 526 1629 4 24 K
x 346 1607 364 1610 4 24 O
x 426 1637 438 1640 4 24 J
x 1306 752 1418 755 4 24 Register\sA
x 1586 749 1698 752 4 24 Register\sB
s 1360 800 1360 832 0 1 false
s 1328 800 1328 832 0 0 false
s 1392 800 1392 832 0 0 false
s 1296 800 1296 832 0 1 false
x 1103 823 1143 826 4 24 Bits
x 1386 787 1399 790 4 24 0
x 1355 788 1368 791 4 24 1
x 1321 788 1334 791 4 24 2
x 1289 788 1302 791 4 24 3
w 1488 688 1488 720 0
g 1488 672 1488 656 0 0
v 1488 672 1488 688 0 0 40 5 0 0 0.5
w 1296 800 1328 800 0
w 1328 800 1360 800 0
w 1360 800 1392 800 0
w 1648 800 1680 800 0
w 1616 800 1648 800 0
w 1584 800 1616 800 0
x 1840 823 1880 826 4 24 Bits
s 1584 800 1584 832 0 1 false
s 1680 800 1680 832 0 1 false
s 1616 800 1616 832 0 1 false
s 1648 800 1648 832 0 1 false
w 1488 720 1488 800 0
w 1488 800 1584 800 0
x 426 1861 438 1864 4 24 J
x 346 1831 364 1834 4 24 O
x 510 1850 526 1853 4 24 K
w 432 1760 480 1760 0
w 432 1728 480 1728 0
w 400 1824 480 1824 0
w 400 1840 400 1728 0
w 288 1840 320 1840 0
w 288 1824 288 1840 0
w 272 1808 272 1776 0
w 320 1808 272 1808 0
w 256 1872 400 1872 0
152 480 1840 560 1840 0 2 0 5
w 384 1760 416 1760 0
w 416 1760 432 1760 0
w 400 1728 432 1728 0
w 384 1728 400 1728 0
150 400 1856 480 1856 0 2 0 5
w 368 1760 384 1760 0
w 368 1792 368 1760 0
w 256 1792 368 1792 0
w 256 1872 256 1792 0
w 208 1872 256 1872 0
w 288 1744 304 1744 0
w 288 1824 288 1744 0
w 208 1824 288 1824 0
w 272 1712 304 1712 0
w 272 1776 272 1712 0
w 208 1776 272 1776 0
x 506 1752 526 1755 4 24 M
x 326 1734 343 1737 4 24 C
150 320 1824 400 1824 0 2 0 5
154 480 1744 560 1744 0 2 5 5
154 304 1728 384 1728 0 2 0 5
x 224 1866 240 1869 4 24 Y
x 226 1816 242 1819 4 24 B
x 228 1765 244 1768 4 24 A
x 874 1605 886 1608 4 24 J
x 794 1575 812 1578 4 24 O
x 958 1594 974 1597 4 24 K
w 880 1504 928 1504 0
w 880 1472 928 1472 0
w 848 1568 928 1568 0
w 848 1584 848 1472 0
w 736 1584 768 1584 0
w 736 1568 736 1584 0
w 720 1552 720 1520 0
w 768 1552 720 1552 0
w 704 1616 848 1616 0
152 928 1584 1008 1584 0 2 0 5
w 832 1504 864 1504 0
w 864 1504 880 1504 0
w 848 1472 880 1472 0
w 832 1472 848 1472 0
150 848 1600 928 1600 0 2 0 5
w 816 1504 832 1504 0
w 816 1536 816 1504 0
w 704 1536 816 1536 0
w 704 1616 704 1536 0
w 656 1616 704 1616 0
w 736 1488 752 1488 0
w 736 1568 736 1488 0
w 656 1568 736 1568 0
w 720 1456 752 1456 0
w 720 1520 720 1456 0
w 656 1520 720 1520 0
x 954 1496 974 1499 4 24 M
x 774 1478 791 1481 4 24 C
150 768 1568 848 1568 0 2 0 5
154 928 1488 1008 1488 0 2 5 5
154 752 1472 832 1472 0 2 5 5
x 672 1610 688 1613 4 24 Y
x 674 1560 690 1563 4 24 B
x 676 1509 692 1512 4 24 A
x 890 1829 902 1832 4 24 J
x 810 1799 828 1802 4 24 O
x 974 1818 990 1821 4 24 K
w 896 1728 944 1728 0
w 896 1696 944 1696 0
w 864 1792 944 1792 0
w 864 1808 864 1696 0
w 752 1808 784 1808 0
w 752 1792 752 1808 0
w 736 1776 736 1744 0
w 784 1776 736 1776 0
w 720 1840 864 1840 0
152 944 1808 1024 1808 0 2 0 5
w 848 1728 880 1728 0
w 880 1728 896 1728 0
w 864 1696 896 1696 0
w 848 1696 864 1696 0
150 864 1824 944 1824 0 2 0 5
w 832 1728 848 1728 0
w 832 1760 832 1728 0
w 720 1760 832 1760 0
w 720 1840 720 1760 0
w 672 1840 720 1840 0
w 752 1712 768 1712 0
w 752 1792 752 1712 0
w 672 1792 752 1792 0
w 736 1680 768 1680 0
w 736 1744 736 1680 0
w 672 1744 736 1744 0
x 970 1720 990 1723 4 24 M
x 790 1702 807 1705 4 24 C
150 784 1792 864 1792 0 2 0 5
154 944 1712 1024 1712 0 2 5 5
154 768 1696 848 1696 0 2 5 5
x 688 1834 704 1837 4 24 Y
x 690 1784 706 1787 4 24 B
x 692 1733 708 1736 4 24 A
w 544 1968 544 2032 0
w 592 1968 592 2032 0
w 640 1968 640 2032 0
w 688 1968 688 2032 0
x 697 2025 710 2028 4 24 0
x 649 2025 662 2028 4 24 1
x 601 2028 614 2031 4 24 2
x 553 2025 566 2028 4 24 3
w 560 1520 576 1520 0
w 576 1520 592 1520 0
w 592 1520 592 1904 0
w 592 1904 688 1904 0
w 688 1904 688 1968 0
w 560 1744 576 1744 0
w 576 1744 576 1920 0
w 576 1920 640 1920 0
w 640 1920 640 1968 0
w 1008 1488 1024 1488 0
w 1024 1488 1024 1648 0
w 1024 1648 624 1648 0
w 624 1648 624 1936 0
w 624 1936 592 1936 0
w 592 1936 592 1968 0
w 1024 1712 1024 1664 0
w 1024 1664 608 1664 0
w 608 1664 608 1952 0
w 608 1952 544 1952 0
w 544 1952 544 1968 0
w 1024 1808 1040 1808 0
w 496 1888 1040 1888 0
w 1040 1808 1040 1888 0
w 496 1968 496 1888 0
w 544 1424 544 1440 0
w 544 1440 208 1440 0
w 208 1440 208 1552 0
w 544 1424 544 1360 0
w 992 1360 992 1408 0
w 864 1408 192 1408 0
w 192 1408 192 1600 0
w 192 1600 208 1600 0
w 560 1616 560 1680 0
w 560 1680 160 1680 0
w 160 1680 160 1872 0
w 160 1872 208 1872 0
w 944 1376 176 1376 0
w 176 1376 176 1776 0
w 176 1776 208 1776 0
w 160 1392 144 1392 0
w 144 1392 144 1824 0
w 144 1824 208 1824 0
w 560 1840 640 1840 0
w 640 1840 640 1616 0
w 640 1616 656 1616 0
w 896 1392 656 1392 0
w 656 1392 640 1392 0
w 640 1392 640 1568 0
w 640 1568 656 1568 0
w 448 1360 448 1456 0
w 448 1456 624 1456 0
w 624 1456 624 1520 0
w 624 1520 656 1520 0
w 848 1360 848 1424 0
w 848 1424 656 1424 0
w 656 1424 656 1744 0
w 656 1744 656 1792 0
w 656 1792 672 1792 0
w 400 1360 400 1472 0
w 400 1472 672 1472 0
w 672 1472 672 1744 0
w 1008 1584 1008 1632 0
w 1008 1632 688 1632 0
w 688 1632 688 1808 0
w 688 1808 672 1808 0
w 672 1808 672 1840 0
s 1264 800 1264 832 0 1 false
s 1232 800 1232 832 0 1 false
s 1168 800 1168 832 0 1 false
s 1200 800 1200 832 0 1 false
s 1712 800 1712 832 0 1 false
s 1744 800 1744 832 0 0 false
s 1776 800 1776 832 0 0 false
w 1776 800 1744 800 0
w 1744 800 1712 800 0
w 1712 800 1680 800 0
w 1200 800 1168 800 0
w 1200 800 1232 800 0
w 1232 800 1264 800 0
w 1296 800 1264 800 0
x 1259 788 1272 791 4 24 4
x 1228 788 1241 791 4 24 5
x 1195 787 1208 790 4 24 6
x 1166 787 1179 790 4 24 7
x 1579 787 1592 790 4 24 7
x 1608 787 1621 790 4 24 6
x 1641 788 1654 791 4 24 5
x 1672 788 1685 791 4 24 4
x 1702 788 1715 791 4 24 3
x 1734 788 1747 791 4 24 2
x 1768 788 1781 791 4 24 1
x 1799 787 1812 790 4 24 0
s 1808 800 1808 832 0 0 false
w 1808 800 1776 800 0
w 864 1408 992 1408 0
w 496 1968 496 1984 0
x 488 2013 504 2016 4 24 K
x 553 1361 582 1364 4 24 A0
x 999 1363 1028 1366 4 24 B0
x 507 1361 536 1364 4 24 A1
x 460 1361 489 1364 4 24 A2
x 408 1362 437 1365 4 24 A3
w 496 1360 496 1392 0
w 496 1392 160 1392 0
x 953 1363 982 1366 4 24 B1
x 906 1364 935 1367 4 24 B2
x 860 1363 889 1366 4 24 B3
w 944 1376 944 1360 0
w 896 1392 896 1360 0
w -32 1376 -32 1344 0
w 16 1360 16 1344 0
x -68 1347 -39 1350 4 24 B7
x -22 1348 7 1351 4 24 B6
x 25 1347 54 1350 4 24 B5
w -432 1376 -768 1376 0
w -432 1344 -432 1376 0
x -520 1346 -491 1349 4 24 A7
x -468 1345 -439 1348 4 24 A6
x -421 1345 -392 1348 4 24 A5
x 71 1347 100 1350 4 24 B4
x -375 1345 -346 1348 4 24 A4
x -440 1997 -424 2000 4 24 K
w -432 1952 -432 1968 0
w -64 1392 64 1392 0
w -256 1792 -256 1824 0
w -240 1792 -256 1792 0
w -240 1616 -240 1792 0
w 80 1616 -240 1616 0
w 80 1568 80 1616 0
w -256 1456 -256 1728 0
w -528 1456 -256 1456 0
w -528 1344 -528 1456 0
w -272 1776 -256 1776 0
w -272 1728 -272 1776 0
w -272 1408 -272 1728 0
w -80 1408 -272 1408 0
w -80 1344 -80 1408 0
w -304 1504 -272 1504 0
w -304 1440 -304 1504 0
w -480 1440 -304 1440 0
w -480 1344 -480 1440 0
w -288 1552 -272 1552 0
w -288 1376 -288 1552 0
w -272 1376 -288 1376 0
w -32 1376 -272 1376 0
w -288 1600 -272 1600 0
w -288 1824 -288 1600 0
w -368 1824 -288 1824 0
w -784 1808 -720 1808 0
w -784 1376 -784 1808 0
w -768 1376 -784 1376 0
w -752 1760 -720 1760 0
w -752 1360 -752 1760 0
w 16 1360 -752 1360 0
w -768 1856 -720 1856 0
w -768 1664 -768 1856 0
w -368 1664 -768 1664 0
w -368 1600 -368 1664 0
w -736 1584 -720 1584 0
w -736 1392 -736 1584 0
w -64 1392 -736 1392 0
w 64 1344 64 1392 0
w -384 1408 -384 1344 0
w -720 1424 -720 1536 0
w -384 1424 -720 1424 0
w -384 1408 -384 1424 0
w -432 1952 -432 1872 0
w 112 1792 112 1872 0
w -432 1872 112 1872 0
w 96 1792 112 1792 0
w -384 1936 -384 1952 0
w -320 1936 -384 1936 0
w -320 1648 -320 1936 0
w 96 1648 -320 1648 0
w 96 1696 96 1648 0
w -336 1920 -336 1952 0
w -304 1920 -336 1920 0
w -304 1632 -304 1920 0
w 96 1632 -304 1632 0
w 96 1472 96 1632 0
w 80 1472 96 1472 0
w -288 1904 -288 1952 0
w -352 1904 -288 1904 0
w -352 1728 -352 1904 0
w -368 1728 -352 1728 0
w -240 1888 -240 1952 0
w -336 1888 -240 1888 0
w -336 1504 -336 1888 0
w -352 1504 -336 1504 0
w -368 1504 -352 1504 0
x -377 2010 -364 2013 4 24 7
x -328 2010 -315 2013 4 24 6
x -273 2009 -260 2012 4 24 5
x -230 2008 -217 2011 4 24 4
w -240 1952 -240 2016 0
w -288 1952 -288 2016 0
w -336 1952 -336 2016 0
w -384 1952 -384 2016 0
x -236 1717 -220 1720 4 24 A
x -238 1768 -222 1771 4 24 B
x -240 1818 -224 1821 4 24 Y
154 -160 1680 -80 1680 0 2 5 5
154 16 1696 96 1696 0 2 5 5
150 -144 1776 -64 1776 0 2 0 5
x -138 1686 -121 1689 4 24 C
x 42 1704 62 1707 4 24 M
w -256 1728 -192 1728 0
w -192 1728 -192 1664 0
w -192 1664 -160 1664 0
w -256 1776 -176 1776 0
w -176 1776 -176 1696 0
w -176 1696 -160 1696 0
w -256 1824 -208 1824 0
w -208 1824 -208 1744 0
w -208 1744 -96 1744 0
w -96 1744 -96 1712 0
w -96 1712 -80 1712 0
150 -64 1808 16 1808 0 2 0 5
w -80 1680 -64 1680 0
w -64 1680 -32 1680 0
w -48 1712 -32 1712 0
w -80 1712 -48 1712 0
152 16 1792 96 1792 0 2 0 5
w -208 1824 -64 1824 0
w -144 1760 -192 1760 0
w -192 1760 -192 1728 0
w -176 1776 -176 1792 0
w -176 1792 -144 1792 0
w -64 1792 -64 1680 0
w -64 1776 16 1776 0
w -32 1680 16 1680 0
w -32 1712 16 1712 0
x 46 1802 62 1805 4 24 K
x -118 1783 -100 1786 4 24 O
x -38 1813 -26 1816 4 24 J
x -252 1493 -236 1496 4 24 A
x -254 1544 -238 1547 4 24 B
x -256 1594 -240 1597 4 24 Y
154 -176 1456 -96 1456 0 2 5 5
154 0 1472 80 1472 0 2 5 5
150 -160 1552 -80 1552 0 2 0 5
x -154 1462 -137 1465 4 24 C
x 26 1480 46 1483 4 24 M
w -272 1504 -208 1504 0
w -208 1504 -208 1440 0
w -208 1440 -176 1440 0
w -272 1552 -192 1552 0
w -192 1552 -192 1472 0
w -192 1472 -176 1472 0
w -272 1600 -224 1600 0
w -224 1600 -224 1520 0
w -224 1520 -112 1520 0
w -112 1520 -112 1488 0
w -112 1488 -96 1488 0
150 -80 1584 0 1584 0 2 0 5
w -96 1456 -80 1456 0
w -80 1456 -48 1456 0
w -64 1488 -48 1488 0
w -96 1488 -64 1488 0
152 0 1568 80 1568 0 2 0 5
w -224 1600 -80 1600 0
w -160 1536 -208 1536 0
w -208 1536 -208 1504 0
w -192 1552 -192 1568 0
w -192 1568 -160 1568 0
w -80 1568 -80 1456 0
w -80 1552 0 1552 0
w -48 1456 0 1456 0
w -48 1488 0 1488 0
x 30 1578 46 1581 4 24 K
x -134 1559 -116 1562 4 24 O
x -54 1589 -42 1592 4 24 J
x -700 1749 -684 1752 4 24 A
x -702 1800 -686 1803 4 24 B
x -704 1850 -688 1853 4 24 Y
154 -624 1712 -544 1712 0 2 5 5
154 -448 1728 -368 1728 0 2 5 5
150 -608 1808 -528 1808 0 2 0 5
x -602 1718 -585 1721 4 24 C
x -422 1736 -402 1739 4 24 M
w -720 1760 -656 1760 0
w -656 1760 -656 1696 0
w -656 1696 -624 1696 0
w -720 1808 -640 1808 0
w -640 1808 -640 1728 0
w -640 1728 -624 1728 0
w -720 1856 -672 1856 0
w -672 1856 -672 1776 0
w -672 1776 -560 1776 0
w -560 1776 -560 1744 0
w -560 1744 -544 1744 0
150 -528 1840 -448 1840 0 2 0 5
w -544 1712 -528 1712 0
w -528 1712 -496 1712 0
w -512 1744 -496 1744 0
w -544 1744 -512 1744 0
152 -448 1824 -368 1824 0 2 0 5
w -672 1856 -528 1856 0
w -608 1792 -656 1792 0
w -656 1792 -656 1760 0
w -640 1808 -640 1824 0
w -640 1824 -608 1824 0
w -528 1824 -528 1712 0
w -528 1808 -448 1808 0
w -496 1712 -448 1712 0
w -496 1744 -448 1744 0
x -418 1834 -402 1837 4 24 K
x -582 1815 -564 1818 4 24 O
x -502 1845 -490 1848 4 24 J
x -502 1621 -490 1624 4 24 J
x -582 1591 -564 1594 4 24 O
x -418 1610 -402 1613 4 24 K
w -496 1520 -448 1520 0
w -496 1488 -448 1488 0
w -528 1584 -448 1584 0
w -528 1600 -528 1488 0
w -640 1600 -608 1600 0
w -640 1584 -640 1600 0
w -656 1568 -656 1536 0
w -608 1568 -656 1568 0
w -672 1632 -528 1632 0
152 -448 1600 -368 1600 0 2 0 5
w -544 1520 -512 1520 0
w -512 1520 -496 1520 0
w -528 1488 -496 1488 0
w -544 1488 -528 1488 0
150 -528 1616 -448 1616 0 2 0 5
w -560 1520 -544 1520 0
w -560 1552 -560 1520 0
w -672 1552 -560 1552 0
w -672 1632 -672 1552 0
w -720 1632 -672 1632 0
w -640 1504 -624 1504 0
w -640 1584 -640 1504 0
w -720 1584 -640 1584 0
w -656 1472 -624 1472 0
w -656 1536 -656 1472 0
w -720 1536 -656 1536 0
x -422 1512 -402 1515 4 24 M
x -602 1494 -585 1497 4 24 C
150 -608 1584 -528 1584 0 2 0 5
154 -448 1504 -368 1504 0 2 5 5
154 -624 1488 -544 1488 0 2 5 5
x -704 1626 -688 1629 4 24 Y
x -702 1576 -686 1579 4 24 B
x -700 1525 -684 1528 4 24 A
w -720 1632 -816 1632 0
w -816 1632 -816 1888 0
w -272 1856 -368 1856 0
w -368 1856 -448 1856 0
w -448 1856 -448 1920 0
w -448 1920 -816 1920 0
w -816 1888 -816 1920 0
w -272 1856 80 1856 0
w 496 1984 80 1984 0
w 80 1856 80 1984 0
w 1392 800 1488 800 0
w -160 1104 -160 1120 0
w -160 1120 -512 1120 0
w -512 1120 -528 1120 0
w -528 1120 -528 1344 0
w -480 1344 -480 1136 0
w -480 1136 -128 1136 0
w -128 1136 -128 1104 0
w -96 1104 -96 1152 0
w -96 1152 -432 1152 0
w -432 1152 -432 1344 0
w -384 1344 -384 1168 0
w -384 1168 -64 1168 0
w -64 1104 -64 1168 0
w 64 1344 64 1296 0
w 64 1296 336 1296 0
w 352 1104 352 1296 0
w 352 1296 336 1296 0
w 16 1344 16 1280 0
w 16 1280 320 1280 0
w 320 1104 320 1280 0
w 288 1104 288 1264 0
w 288 1264 -32 1264 0
w -32 1264 -32 1344 0
w 256 1104 256 1248 0
w 256 1248 -80 1248 0
w -80 1248 -80 1344 0
w 992 1360 992 1200 0
w 480 1104 480 1152 0
w 480 1152 992 1152 0
w 992 1152 992 1200 0
w 944 1360 944 1168 0
w 944 1168 448 1168 0
w 448 1104 448 1168 0
w 896 1360 896 1184 0
w 896 1184 416 1184 0
w 416 1104 416 1184 0
w 848 1360 848 1200 0
w 848 1200 384 1200 0
w 384 1104 384 1200 0
w 544 1360 544 1216 0
w 64 1104 64 1120 0
w 64 1120 224 1120 0
w 224 1120 240 1120 0
w 240 1216 400 1216 0
w 240 1120 240 1216 0
w 400 1216 544 1216 0
w 496 1360 496 1232 0
w 496 1232 224 1232 0
w 224 1232 224 1136 0
w 224 1136 32 1136 0
w 32 1104 32 1136 0
w 448 1360 448 1312 0
w 448 1312 208 1312 0
w 208 1312 208 1152 0
w 208 1152 0 1152 0
w 0 1104 0 1152 0
w 400 1360 400 1328 0
w 400 1328 192 1328 0
w 192 1328 192 1168 0
w 192 1168 -32 1168 0
w -32 1104 -32 1168 0
180 -240 2016 -240 2080 1 0.1 10000000000 100000000
180 -288 2016 -288 2080 1 0.1 10000000000 100000000
180 -336 2016 -336 2080 1 0.1 10000000000 100000000
180 -384 2016 -384 2080 1 0.1 10000000000 100000000
180 544 2032 544 2096 1 0.1 10000000000 100000000
180 592 2032 592 2096 1 0.1 10000000000 100000000
180 640 2032 640 2096 1 0.1 10000000000 100000000
180 688 2032 688 2096 1 0.1 10000000000 100000000
w -368 2048 -368 2096 0
w -320 2048 -320 2096 0
w -272 2048 -272 2096 0
w -224 2048 -224 2096 0
w -368 2096 -320 2096 0
w -320 2096 -272 2096 0
w -272 2096 -224 2096 0
w 560 2064 560 2112 0
w 560 2112 608 2112 0
w 608 2064 608 2112 0
w 608 2112 656 2112 0
w 656 2064 656 2112 0
w 656 2112 704 2112 0
w 704 2064 704 2112 0
w -224 2096 480 2096 0
w 480 2096 480 2112 0
w 480 2112 560 2112 0
w 1088 1904 1088 2112 0
w 704 2112 1088 2112 0
s 1936 800 1936 832 0 0 false
w 1808 800 1936 800 0
w 688 2096 688 2128 0
w 688 2128 432 2128 0
w 432 2128 432 2048 0
w 432 2048 208 2048 0
w 208 2048 208 2128 0
w 640 2096 640 2144 0
w 640 2144 416 2144 0
w 416 2144 416 2032 0
w 416 2032 192 2032 0
w 192 2032 176 2032 0
w 176 2032 176 2128 0
w 592 2096 592 2160 0
w 592 2160 400 2160 0
w 400 2160 400 2016 0
w 400 2016 160 2016 0
w 160 2016 144 2016 0
w 144 2016 144 2128 0
w 544 2096 544 2176 0
w 544 2176 384 2176 0
w 384 2176 384 2000 0
w 384 2000 128 2000 0
w 128 2000 112 2000 0
w 112 2000 112 2128 0
x 199 2155 212 2158 4 24 0
x 167 2156 180 2159 4 24 1
x 138 2155 151 2158 4 24 2
x 105 2158 118 2161 4 24 3
w -240 2080 -240 2112 0
w -240 2112 -48 2112 0
w -48 2112 -48 2000 0
w -48 2000 80 2000 0
w 80 2000 80 2128 0
w -288 2080 -288 2128 0
w -288 2128 -64 2128 0
w -64 2128 -64 1984 0
w -64 1984 48 1984 0
w 48 1984 48 2128 0
w -336 2080 -336 2144 0
w -336 2144 -96 2144 0
w -96 2144 -96 1968 0
w -96 1968 16 1968 0
w 16 1968 16 2128 0
w -384 2080 -384 2160 0
w -384 2160 -128 2160 0
w -128 2160 -128 1952 0
w -128 1952 -16 1952 0
w -16 1952 -16 2128 0
x 71 2159 84 2162 4 24 4
x 41 2164 54 2167 4 24 5
x 11 2158 24 2161 4 24 6
x -23 2159 -10 2162 4 24 7
x 1949 825 1982 828 4 24 EN
154 1408 1024 1520 1024 0 2 5 5
154 1408 1104 1520 1104 0 2 5 5
154 1408 1184 1520 1184 0 2 5 5
154 1408 1264 1520 1264 0 2 5 5
154 1744 1024 1856 1024 0 2 0 5
154 1744 1104 1856 1104 0 2 0 5
154 1744 1184 1856 1184 0 2 0 5
154 1744 1264 1856 1264 0 2 5 5
w 1328 80 1328 160 0
v 1328 32 1328 48 0 0 40 5 0 0 0.5
g 1328 32 1328 16 0 0
w 1328 48 1328 80 0
w 1408 1008 1392 1008 0
w 1392 1008 1392 976 0
w 1392 1008 1392 1088 0
w 1392 1088 1408 1088 0
w 1392 1088 1392 1168 0
w 1392 1168 1408 1168 0
w 1392 1168 1392 1248 0
w 1392 1248 1408 1248 0
w 1744 1008 1728 1008 0
w 1728 1008 1728 1088 0
w 1728 1088 1744 1088 0
w 1728 1088 1728 1168 0
w 1728 1168 1744 1168 0
w 1728 1168 1728 1248 0
w 1728 1248 1744 1248 0
w 1744 1040 1712 1040 0
w 1712 1040 1712 960 0
w 1744 1120 1696 1120 0
w 1696 1120 1696 960 0
w 1744 1200 1680 1200 0
w 1680 1200 1680 960 0
w 1744 1280 1664 1280 0
w 1664 1280 1664 960 0
w 1728 1008 1728 992 0
w 1648 960 1648 1280 0
w 1632 960 1632 1280 0
w 1616 960 1616 1280 0
w 1600 960 1600 1280 0
w 1552 1024 1584 1024 0
w 1584 1024 1584 1280 0
w 1520 1024 1552 1024 0
w 1408 1280 1392 1280 0
w 1392 1280 1392 1312 0
w 1392 1312 1600 1312 0
w 1600 1280 1600 1312 0
w 1408 1200 1376 1200 0
w 1616 1280 1616 1328 0
w 1616 1328 1392 1328 0
w 1376 1200 1376 1328 0
w 1376 1328 1392 1328 0
w 1408 1120 1360 1120 0
w 1360 1120 1360 1344 0
w 1360 1344 1632 1344 0
w 1632 1296 1632 1344 0
w 1632 1280 1632 1296 0
w 1408 1040 1344 1040 0
w 1344 1040 1344 1360 0
w 1344 1360 1648 1360 0
w 1648 1280 1648 1360 0
x 1789 1033 1802 1036 4 24 0
x 1789 1113 1802 1116 4 24 1
x 1787 1192 1800 1195 4 24 2
x 1789 1273 1802 1276 4 24 3
x 1453 1273 1466 1276 4 24 7
x 1453 1193 1466 1196 4 24 6
x 1453 1113 1466 1116 4 24 5
x 1452 1035 1465 1038 4 24 4
w 1392 976 1728 976 0
w 1728 976 1728 992 0
w 1728 976 1776 976 0
w 1712 960 1712 944 0
w 1696 960 1696 944 0
w 1680 960 1680 944 0
w 1664 960 1664 944 0
w 1648 960 1648 944 0
w 1632 960 1632 944 0
w 1616 960 1616 944 0
w 1600 960 1600 944 0
w 1856 1024 1920 1024 0
w 1920 1024 1920 1376 0
w 1920 1376 1712 1376 0
w 1712 1376 1712 1392 0
w 1712 1392 1712 1408 0
w 1856 1104 1904 1104 0
w 1904 1104 1904 1360 0
w 1904 1360 1696 1360 0
w 1696 1360 1696 1408 0
w 1856 1184 1888 1184 0
w 1888 1184 1888 1344 0
w 1888 1344 1680 1344 0
w 1680 1344 1680 1408 0
w 1856 1264 1872 1264 0
w 1872 1264 1872 1328 0
w 1872 1328 1664 1328 0
w 1664 1328 1664 1408 0
w 1584 1280 1584 1376 0
w 1584 1376 1648 1376 0
w 1648 1376 1648 1392 0
w 1648 1392 1648 1408 0
w 1632 1392 1632 1408 0
w 1616 1408 1616 1440 0
w 1632 1408 1632 1440 0
w 1648 1408 1648 1440 0
w 1664 1408 1664 1440 0
w 1680 1408 1680 1440 0
w 1696 1408 1696 1440 0
w 1712 1408 1712 1440 0
x 1718 1437 1726 1440 4 15 0
x 1702 1437 1710 1440 4 15 1
x 1686 1437 1694 1440 4 15 2
x 1670 1437 1678 1440 4 15 3
x 1638 1437 1646 1440 4 15 5
x 1654 1437 1662 1440 4 15 4
x 1622 1437 1630 1440 4 15 6
x 1604 1438 1612 1441 4 15 7
x 1716 959 1724 962 4 15 0
x 1700 960 1708 963 4 15 1
x 1685 959 1693 962 4 15 2
x 1669 960 1677 963 4 15 3
x 1652 961 1660 964 4 15 4
x 1637 961 1645 964 4 15 5
x 1621 963 1629 966 4 15 6
x 1604 963 1612 966 4 15 7
w 1632 1392 1568 1392 0
w 1568 1392 1568 1104 0
w 1568 1104 1520 1104 0
w 1520 1184 1552 1184 0
w 1552 1184 1552 1408 0
w 1552 1408 1616 1408 0
w 1520 1264 1536 1264 0
w 1536 1264 1536 1424 0
w 1536 1424 1600 1424 0
w 1600 1424 1600 1440 0
x 2009 825 2058 828 4 24 SUB
s 2000 800 2000 832 0 0 false
w 1936 800 2000 800 0
w 1776 976 2000 976 0
w 2000 832 2000 976 0
w 1712 944 1712 928 0
w 1712 928 1808 928 0
w 1808 832 1808 928 0
w 1776 832 1776 912 0
w 1776 912 1696 912 0
w 1696 912 1696 944 0
w 1744 832 1744 896 0
w 1744 896 1680 896 0
w 1680 896 1680 944 0
w 1712 832 1712 880 0
w 1712 880 1664 880 0
w 1664 880 1664 944 0
w 1680 832 1680 864 0
w 1680 864 1648 864 0
w 1648 864 1648 944 0
w 1648 832 1648 848 0
w 1648 848 1632 848 0
w 1632 848 1632 944 0
w 1616 832 1616 944 0
w 1584 832 1584 848 0
w 1584 848 1600 848 0
w 1600 848 1600 944 0
w 1168 832 1168 848 0
w 1168 848 -160 848 0
w -160 848 -160 864 0
w 1200 832 1200 864 0
w 1200 864 320 864 0
w 320 864 -128 864 0
w -128 864 -128 880 0
w -160 864 -160 880 0
w 1232 832 1232 864 0
w 1232 864 1232 880 0
w 1232 880 240 880 0
w 240 880 -96 880 0
w -96 880 -96 912 0
w -128 880 -128 912 0
w -160 880 -160 912 0
w 1264 832 1264 896 0
w 1264 896 384 896 0
w 384 896 -64 896 0
w -64 896 -64 912 0
w 1296 832 1296 912 0
w 1296 912 640 912 0
w 1328 832 1328 928 0
w 1328 928 640 928 0
w 1360 832 1360 944 0
w 1360 944 640 944 0
w 1392 832 1392 960 0
w 1392 960 640 960 0
w 640 912 -32 912 0
w -32 912 -32 960 0
w 640 928 0 928 0
w 0 928 0 960 0
w 640 944 32 944 0
w 32 944 32 992 0
w 0 960 0 992 0
w -32 960 -32 992 0
w 640 960 64 960 0
w 64 960 64 992 0
w -64 912 -64 992 0
w -96 912 -96 992 0
w -128 912 -128 992 0
w -160 912 -160 992 0
w 1712 1440 1712 1456 0
w 1712 1456 1312 1456 0
w 1312 1456 1312 992 0
w 1696 1440 1696 1472 0
w 1696 1472 1296 1472 0
w 1296 1472 1296 1040 0
w 1680 1440 1680 1488 0
w 1680 1488 1280 1488 0
w 1280 1488 1280 1040 0
w 1664 1440 1664 1504 0
w 1664 1504 1264 1504 0
w 1264 1504 1264 1040 0
w 1648 1440 1648 1520 0
w 1648 1520 1248 1520 0
w 1248 1520 1248 1040 0
w 1632 1440 1632 1536 0
w 1632 1536 1232 1536 0
w 1616 1440 1616 1552 0
w 1616 1552 1216 1552 0
w 1216 1552 1216 1072 0
w 1600 1440 1600 1568 0
w 1600 1568 1200 1568 0
w 1200 1568 1200 1104 0
w 208 1648 128 1648 0
w 128 1648 128 1344 0
w 128 1328 128 1344 0
w 128 1328 128 1312 0
w 128 1312 1136 1312 0
w 1136 1312 1328 1312 0
w 1328 1248 1328 1008 0
w 1328 1008 1392 1008 0
w 1312 992 1312 976 0
w 1312 976 592 976 0
w 1296 1040 1296 992 0
w 1280 1040 1280 1008 0
w 1264 1040 1264 1024 0
w 592 976 480 976 0
w 480 976 480 992 0
w 1296 992 464 992 0
w 1280 1008 432 1008 0
w 432 1008 416 1008 0
w 416 1008 416 1040 0
w 1264 1024 384 1024 0
w 384 1024 384 1040 0
w 1248 1040 352 1040 0
w 352 1040 352 1056 0
w 1232 1072 1232 1056 0
w 1232 1056 320 1056 0
w 320 1056 320 1072 0
w 1216 1072 288 1072 0
w 288 1072 288 1088 0
w 1200 1104 1200 1088 0
w 1200 1088 256 1088 0
w 256 1088 256 1104 0
w 288 1088 288 1104 0
w 320 1072 320 1104 0
w 352 1056 352 1104 0
w 384 1040 384 1104 0
w 416 1040 416 1104 0
w 480 992 480 1104 0
w 464 992 448 992 0
w 448 992 448 1104 0
w 1232 1072 1232 1536 0
w 1328 1248 1328 1312 0
w 1936 832 1936 1584 0
w 1152 1616 1936 1616 0
w 1936 1584 1936 1616 0
w 1088 1904 1088 1616 0
w 1088 1616 1152 1616 0
w 64 992 64 1104 0
w 32 992 32 1104 0
w 0 992 0 1104 0
w -32 992 -32 1104 0
w -64 992 -64 1104 0
w -96 992 -96 1104 0
w -128 992 -128 1104 0
w -160 992 -160 1104 0
