$ 1 0.000005 23.47059216675035 50 5 50 5e-11
165 704 496 800 496 4102 0
c 912 528 896 528 0 0.00001 -3.3333333333264257 0.001
174 768 416 832 368 1 400000 0.9950000000000001 Astable Timer Speed
g 928 560 944 560 0 0
w 672 528 704 528 0
r 688 368 720 368 0 1000
w 768 464 768 448 0
w 672 528 672 400 0
w 832 416 832 464 0
w 832 416 864 416 0
w 864 416 864 464 0
w 864 416 896 416 0
209 896 416 928 416 0 0.000001 2.1373442461430665 0.001 1
g 928 416 944 416 0 0
w 672 368 672 400 0
g 928 528 944 528 0 0
w 928 528 912 528 0
w 928 560 896 560 0
w 768 592 768 608 0
w 768 608 672 608 0
w 672 608 672 528 0
w 672 368 688 368 0
w 800 368 768 368 0
w 768 448 736 448 0
w 736 448 736 384 0
w 736 384 736 368 0
w 736 368 720 368 0
w 736 368 768 368 0
x 698 285 845 288 4 24 Astable\sTimer
x 1074 283 1265 286 4 24 Monostable\sTimer
165 1088 496 1184 496 4102 0
s 1120 320 1184 320 0 1 true
r 1152 432 1152 400 0 1000
w 1152 448 1152 464 0
w 1152 448 1152 432 0
w 1312 560 1280 560 0
w 1312 528 1296 528 0
g 1312 528 1328 528 0 0
g 1312 560 1328 560 0 0
c 1296 528 1280 528 0 0.00001 -3.3333333333264257 0.001
w 944 176 944 144 0
v 944 128 944 144 0 0 40 5 0 0 0.5
g 944 128 944 112 0 0
x 897 139 926 142 4 24 5V
w 672 528 640 528 0
w 640 528 640 272 0
w 640 192 944 192 0
w 944 192 944 176 0
w 1024 192 944 192 0
w 1152 400 1152 368 0
w 1184 448 1248 448 0
w 1248 464 1248 448 0
c 1248 400 1248 432 0 0.00001 -0.04950495049504969 0.001
g 1248 400 1248 384 0 0
w 1248 448 1248 432 0
w 1184 448 1152 448 0
w 1216 320 1184 320 0
g 1120 320 1104 320 0 0
r 1216 352 1264 352 0 1000
w 1216 464 1216 352 0
w 1216 352 1216 320 0
w 1088 528 1056 528 0
w 1152 592 1152 608 0
w 1152 608 1056 608 0
w 1056 608 1056 528 0
w 1056 528 1056 384 0
w 1152 368 1056 368 0
w 1056 384 1056 368 0
w 1056 368 1056 192 0
w 1056 192 1024 192 0
w 1152 368 1264 368 0
w 1264 368 1264 352 0
165 1440 496 1536 496 4102 0
S 1472 336 1568 336 0 0 false 0 2
g 1600 464 1600 448 0 0
g 1472 336 1456 336 0 0
c 1648 528 1632 528 0 0.00001 -3.3333333333264257 0.001
g 1664 560 1680 560 0 0
g 1664 528 1680 528 0 0
w 1664 528 1648 528 0
w 1664 560 1632 560 0
w 1504 592 1504 624 0
w 1504 624 1696 624 0
w 1696 624 1696 320 0
w 1696 320 1568 320 0
r 1488 416 1520 416 0 1000
r 1488 624 1456 624 0 1000
w 1568 464 1568 416 0
w 1568 416 1520 416 0
w 1568 416 1568 352 0
w 1504 624 1488 624 0
w 1456 624 1424 624 0
w 1424 624 1424 528 0
w 1424 528 1440 528 0
w 1424 528 1424 416 0
w 1424 416 1488 416 0
w 1056 192 1424 192 0
w 1424 208 1424 416 0
x 1467 289 1619 292 4 24 Bistable\sTimer
w 640 272 640 192 0
w 896 896 1104 896 0
w 912 848 896 848 0
w 912 800 912 848 0
w 1104 800 912 800 0
w 928 864 1104 864 0
w 928 784 928 864 0
w 928 768 1024 768 0
w 928 784 928 768 0
w 896 784 928 784 0
w 1184 848 1248 848 0
w 1184 880 1184 848 0
w 1184 816 1184 784 0
w 1248 816 1184 816 0
w 1312 832 1344 832 0
152 1248 832 1312 832 0 2 0 5
I 1024 768 1104 768 0 0.5 5
150 1104 880 1184 880 0 2 0 5
150 1104 784 1184 784 0 2 0 5
w 864 784 896 784 0
w 832 896 896 896 0
x 813 774 879 777 4 24 Select
w 800 784 832 784 0
w 800 848 832 848 0
w 800 896 832 896 0
w 832 784 864 784 0
w 832 848 896 848 0
x 805 837 854 840 4 24 Auto
x 802 887 880 890 4 24 Manual
w 1536 656 1536 704 0
w 1536 704 784 704 0
w 784 704 784 784 0
w 784 784 800 784 0
w 1184 656 1184 688 0
w 1184 688 768 688 0
w 768 688 768 896 0
w 768 896 800 896 0
w 800 656 752 656 0
w 752 656 752 848 0
w 752 848 800 848 0
w 1424 208 1424 192 0
w 800 592 800 656 0
w 1184 592 1184 656 0
w 1536 592 1536 656 0
150 1344 848 1440 848 0 2 0 5
I 992 944 1072 944 0 0.5 5
w 992 944 768 944 0
x 803 935 862 938 4 24 HALT
w 1072 944 1216 944 0
w 1216 944 1216 880 0
w 1216 880 1328 880 0
w 1328 880 1328 864 0
w 1328 864 1344 864 0
w 1440 848 1504 848 0
g 768 944 752 944 0 0
