$ 1 0.000005 1.1208435524800693 50 5 50 5e-11
w 720 320 736 320 0
w 720 368 720 320 0
w 832 368 720 368 0
w 832 384 832 368 0
w 704 400 736 400 0
w 704 384 704 400 0
w 832 416 832 384 0
w 704 352 704 384 0
w 832 352 704 352 0
w 832 336 832 352 0
w 832 304 832 336 0
153 736 416 832 416 0 2 5 5
153 736 304 832 304 0 2 0 5
w 832 304 864 304 0
w 832 416 864 416 0
v 288 512 288 464 0 0 40 5 0 0 0.5
r 864 304 912 304 0 220
r 864 416 912 416 0 220
g 912 304 928 304 0 0
g 288 512 288 528 0 0
g 912 416 928 416 0 0
150 560 288 624 288 0 2 0 5
150 560 432 624 432 0 2 0 5
w 736 288 624 288 0
w 736 432 624 432 0
w 512 352 544 352 0
w 544 352 544 416 0
w 544 416 560 416 0
w 544 352 544 304 0
w 544 304 560 304 0
I 400 336 400 272 0 0.5 5
w 560 272 400 272 0
w 560 448 400 448 0
w 400 336 400 448 0
w 320 352 288 352 0
w 288 464 288 448 0
w 288 448 288 352 0
x 731 278 748 281 4 24 R
x 734 456 750 459 4 24 S
x 815 295 833 298 4 24 Q
x 816 452 834 455 6 24 Q
x 504 344 537 347 4 24 EN
s 432 352 464 352 0 1 false
w 512 352 464 352 0
w 432 352 320 352 0
x 374 438 391 441 4 24 D
s 304 448 336 448 0 1 false
w 400 448 336 448 0
w 304 448 288 448 0
