$ 1 0.000005 58.6985430941709 50 5 50 5e-11
x 223 90 252 93 4 24 5V
g 272 64 272 32 0 0
w 272 96 272 128 0
v 272 64 272 96 0 0 40 5 0 0 0.5
s 336 272 400 272 0 0 false
s 336 336 400 336 0 1 false
s 336 384 400 384 0 1 false
w 272 128 272 272 0
w 272 272 272 336 0
w 272 336 272 384 0
w 336 272 272 272 0
w 336 336 272 336 0
w 336 384 272 384 0
x 365 304 381 307 4 24 A
x 339 246 405 249 4 24 Select
x 364 359 380 362 4 24 B
w 400 272 432 272 0
w 400 336 432 336 0
w 400 384 432 384 0
I 560 80 624 80 0 0.5 5
I 608 192 672 192 0 0.5 5
I 736 128 800 128 0 0.5 5
150 624 96 704 96 0 2 0 5
150 800 112 880 112 0 2 0 5
150 800 224 880 224 0 2 0 5
150 672 208 752 208 0 2 0 5
152 1088 272 1168 272 0 2 0 5
w 1168 272 1232 272 0
w 704 96 800 96 0
w 752 208 800 208 0
w 800 240 752 240 0
w 736 128 720 128 0
152 960 160 1040 160 0 2 0 5
w 880 112 896 112 0
w 896 112 896 144 0
w 880 224 896 224 0
w 896 224 896 192 0
w 960 144 896 144 0
w 960 176 896 176 0
w 896 176 896 192 0
w 816 352 704 352 0
150 624 352 704 352 0 2 5 5
150 816 368 896 368 0 2 0 5
150 816 448 896 448 0 2 0 5
150 640 432 720 432 0 2 0 5
w 816 432 720 432 0
152 960 400 1040 400 0 2 0 5
w 960 384 944 384 0
w 960 416 944 416 0
w 944 384 896 384 0
w 896 384 896 368 0
w 896 448 896 416 0
w 896 416 944 416 0
w 1088 256 1040 256 0
w 1040 256 1040 160 0
w 1088 288 1040 288 0
w 1040 288 1040 400 0
w 432 272 464 272 0
w 464 272 464 80 0
w 464 80 560 80 0
w 432 336 496 336 0
w 496 336 496 112 0
w 496 112 624 112 0
w 576 192 608 192 0
w 432 384 544 384 0
w 544 144 720 144 0
w 720 144 720 128 0
w 496 336 576 336 0
w 576 336 576 272 0
w 576 272 624 272 0
w 624 272 624 224 0
w 624 224 640 224 0
w 640 224 656 224 0
w 656 224 672 224 0
w 544 304 736 304 0
w 736 304 736 240 0
w 736 240 752 240 0
w 544 384 592 384 0
w 592 336 624 336 0
w 496 336 496 368 0
w 496 368 560 368 0
w 592 384 816 384 0
w 544 416 640 416 0
w 496 368 496 448 0
w 496 448 640 448 0
w 544 144 544 304 0
w 544 304 544 384 0
w 464 272 560 272 0
w 560 272 560 192 0
w 560 192 576 192 0
w 592 336 592 320 0
w 592 320 464 320 0
w 464 320 464 272 0
w 464 320 464 416 0
w 464 416 544 416 0
w 544 384 544 464 0
w 544 464 816 464 0
I 560 368 624 368 0 0.5 5
