$ 1 0.000005 10.20027730826997 50 5 43 5e-11
w 432 336 496 336 0
w 432 272 464 272 0
w 400 384 432 384 0
w 400 336 432 336 0
w 400 272 432 272 0
x 364 359 380 362 4 24 B
x 339 246 405 249 4 24 Select
x 365 304 381 307 4 24 A
w 336 384 272 384 0
w 336 336 272 336 0
w 336 272 272 272 0
w 272 336 272 384 0
w 272 272 272 336 0
w 272 128 272 272 0
s 336 384 400 384 0 1 false
s 336 336 400 336 0 1 false
s 336 272 400 272 0 1 false
v 272 64 272 96 0 0 40 5 0 0 0.5
w 272 96 272 128 0
g 272 64 272 32 0 0
x 223 90 252 93 4 24 5V
w 432 384 496 384 0
w 464 272 496 272 0
150 704 272 784 272 0 2 0 5
150 704 368 784 368 0 2 0 5
I 624 256 704 256 0 0.5 5
152 848 320 912 320 0 2 0 5
w 912 320 944 320 0
w 848 304 784 304 0
w 784 304 784 272 0
w 784 368 784 336 0
w 784 336 848 336 0
w 496 272 528 272 0
w 528 272 528 256 0
w 528 256 624 256 0
w 528 272 528 352 0
w 528 352 704 352 0
w 704 288 512 288 0
w 512 288 512 336 0
w 512 336 496 336 0
w 496 384 704 384 0
