$ 1 0.000005 0.6798259793203881 50 5 50 5e-11
w 720 320 736 320 0
w 720 368 720 320 0
w 832 368 720 368 0
w 832 384 832 368 0
w 704 400 736 400 0
w 704 384 704 400 0
w 832 416 832 384 0
w 704 352 704 384 0
w 832 352 704 352 0
w 832 336 832 352 0
w 832 304 832 336 0
153 736 416 832 416 0 2 5 5
153 736 304 832 304 0 2 0 5
w 832 304 864 304 0
w 832 416 864 416 0
r 864 304 912 304 0 220
r 864 416 912 416 0 220
g 912 304 928 304 0 0
g 912 416 928 416 0 0
150 640 288 704 288 0 2 0 5
150 640 432 704 432 0 2 0 5
w 592 352 624 352 0
w 624 352 624 416 0
w 624 416 640 416 0
w 624 352 624 304 0
w 624 304 640 304 0
I 480 336 480 272 0 0.5 5
w 640 272 480 272 0
w 640 448 480 448 0
w 480 336 480 448 0
x 731 278 748 281 4 24 R
x 734 456 750 459 4 24 S
x 815 295 833 298 4 24 Q
x 816 452 834 455 6 24 Q
x 583 345 629 348 4 24 CLK
w 592 352 544 352 0
I 496 208 528 208 0 0.5 5
I 544 208 576 208 0 0.5 5
I 592 208 624 208 0 0.5 5
I 640 208 672 208 0 0.5 5
I 688 208 720 208 0 0.5 5
w 688 208 672 208 0
w 640 208 624 208 0
w 592 208 576 208 0
w 544 208 528 208 0
w 496 208 480 208 0
w 480 208 480 192 0
w 480 192 480 176 0
w 480 176 720 176 0
150 720 192 784 192 0 2 0 5
w 480 352 496 352 0
w 544 352 496 352 0
s 368 192 400 192 0 1 false
w 480 192 464 192 0
x 359 175 405 178 4 24 CLK
w 480 352 448 352 0
w 448 352 448 256 0
w 448 256 448 240 0
w 464 192 400 192 0
s -16 400 16 400 0 0 false
v 144 128 144 176 0 0 40 5 0 0 0.5
g 144 128 144 112 0 0
w 704 288 736 288 0
w 704 432 736 432 0
w 464 240 784 240 0
w 464 240 448 240 0
w 784 192 816 192 0
w 816 192 832 192 0
w 832 192 832 240 0
w 832 240 784 240 0
w 864 304 864 544 0
152 368 448 448 448 0 2 0 5
150 224 416 288 416 0 2 0 5
150 224 496 288 496 0 2 0 5
I 144 400 224 400 0 0.5 5
w 112 400 144 400 0
w 112 400 64 400 0
w 112 400 112 480 0
w 112 480 224 480 0
w 368 432 304 432 0
w 304 432 304 416 0
w 304 416 288 416 0
w 368 464 304 464 0
w 304 464 304 496 0
w 304 496 288 496 0
w 224 432 144 432 0
w 144 432 144 496 0
w 144 496 64 496 0
w 224 512 64 512 0
w 448 448 480 448 0
x 150 375 276 378 4 24 Feedbacker
x 63 488 81 491 4 24 Q
x -17 486 20 489 4 24 BIT
x -29 374 36 377 4 24 LOAD
w 48 496 64 496 0
w 48 496 48 544 0
w 48 544 864 544 0
w 64 400 16 400 0
w 64 512 16 512 0
s -16 512 16 512 0 1 false
w 368 192 144 192 0
w 144 192 144 176 0
w 144 192 -32 192 0
w -32 192 -48 192 0
w -48 192 -48 400 0
w -48 400 -16 400 0
w -48 400 -48 512 0
w -48 512 -16 512 0
