$ 1 0.000005 1.1208435524800693 50 5 50 5e-11
w 720 320 736 320 0
w 720 368 720 320 0
w 832 368 720 368 0
w 832 384 832 368 0
w 704 400 736 400 0
w 704 384 704 400 0
w 832 416 832 384 0
w 704 352 704 384 0
w 832 352 704 352 0
w 832 336 832 352 0
w 832 304 832 336 0
153 736 416 832 416 0 2 0 5
153 736 304 832 304 0 2 5 5
w 832 304 864 304 0
w 832 416 864 416 0
r 864 304 912 304 0 220
r 864 416 912 416 0 220
g 912 304 928 304 0 0
g 912 416 928 416 0 0
150 640 288 704 288 0 2 0 5
150 640 432 704 432 0 2 0 5
w 592 352 624 352 0
w 624 352 624 416 0
w 624 416 640 416 0
w 624 352 624 304 0
w 624 304 640 304 0
I 480 336 480 272 0 0.5 5
w 480 256 480 272 0
w 512 464 480 464 0
w 480 352 480 464 0
x 731 278 748 281 4 24 R
x 734 456 750 459 4 24 S
x 815 295 833 298 4 24 Q
x 816 452 834 455 6 24 Q
x 583 345 629 348 4 24 CLK
w 592 352 544 352 0
x 454 454 471 457 4 24 D
w 480 464 416 464 0
I 496 208 528 208 0 0.5 5
I 544 208 576 208 0 0.5 5
I 592 208 624 208 0 0.5 5
I 640 208 672 208 0 0.5 5
I 688 208 720 208 0 0.5 5
w 688 208 672 208 0
w 640 208 624 208 0
w 592 208 576 208 0
w 544 208 528 208 0
w 496 208 480 208 0
w 480 208 480 192 0
w 480 192 480 176 0
w 480 176 720 176 0
150 720 192 784 192 0 2 0 5
s 368 192 400 192 0 1 false
w 480 192 464 192 0
s 272 448 304 448 0 1 false
x 359 175 405 178 4 24 CLK
w 448 352 448 256 0
w 448 256 448 240 0
w 464 192 400 192 0
s 128 480 160 480 0 1 false
w 160 480 240 480 0
x 107 453 172 456 4 24 LOAD
150 352 464 416 464 0 2 0 5
x 279 432 296 435 4 24 D
w 304 448 352 448 0
w 240 480 352 480 0
v 0 272 0 320 0 0 40 5 0 0 0.5
g 0 272 0 256 0 0
w 0 480 128 480 0
w 272 448 208 448 0
w 208 448 208 352 0
w 368 192 208 192 0
w 208 208 208 352 0
w 208 352 16 352 0
w 16 352 0 352 0
w 0 320 0 352 0
w 0 352 0 480 0
w 704 288 736 288 0
w 704 432 736 432 0
w 464 240 784 240 0
w 464 240 448 240 0
w 784 192 816 192 0
w 816 192 832 192 0
w 832 192 832 240 0
w 832 240 784 240 0
150 576 448 640 448 0 2 0 5
150 576 272 640 272 0 2 0 5
w 576 256 480 256 0
w 480 352 480 336 0
w 544 352 448 352 0
w 512 464 576 464 0
w 208 208 208 192 0
w 240 480 240 416 0
w 240 416 240 400 0
w 240 400 528 400 0
w 528 400 528 432 0
w 528 432 576 432 0
w 528 400 528 288 0
w 528 288 576 288 0
