$ 1 0.000005 38.696464541249114 50 5 43 5e-11
s 384 176 384 144 0 1 true
v 384 0 384 32 0 0 40 5 0 0 0.5
g 384 0 384 -16 0 0
g 384 176 384 192 0 0
r 384 64 384 96 0 1000
r 432 112 464 112 0 1000
c 496 128 496 144 0 0.000009999999999999999 4.999999999994671 0.001
g 496 144 496 160 0 0
w 384 144 384 112 0
w 384 112 432 112 0
w 384 112 384 96 0
w 384 64 384 32 0
I 560 112 592 112 0 0.5 5
w 560 112 496 112 0
w 496 112 464 112 0
w 496 112 496 128 0
w 592 112 624 112 0
x 352 84 368 87 4 12 R1
x 440 132 456 135 4 12 R2
x 520 164 536 167 4 12 C1
x 594 103 630 106 4 12 Output
o 16 64 0 4099 0.0000762939453125 0.00009765625 0 2 16 3
o 0 64 0 4099 5 0.00009765625 1 2 0 3
