$ 1 0.000005 382.76258214399064 50 5 50 5e-11
w 672 432 736 432 0
w 672 288 736 288 0
w 720 320 736 320 0
w 720 368 720 320 0
w 832 368 720 368 0
w 832 384 832 368 0
w 704 400 736 400 0
w 704 384 704 400 0
w 832 416 832 384 0
w 704 352 704 384 0
w 832 352 704 352 0
w 832 336 832 352 0
w 832 304 832 336 0
153 736 416 832 416 0 2 5 5
153 736 304 832 304 0 2 0 5
w 832 304 864 304 0
w 832 416 864 416 0
s 640 288 672 288 0 0 false
s 640 432 672 432 0 1 false
v 496 400 496 352 0 0 40 5 0 0 0.5
w 640 288 592 288 0
w 592 288 592 352 0
w 640 432 592 432 0
w 592 432 592 352 0
w 592 352 560 352 0
w 496 352 560 352 0
r 864 304 912 304 0 220
r 864 416 912 416 0 220
g 912 304 928 304 0 0
g 496 400 496 416 0 0
g 912 416 928 416 0 0
