$ 1 0.000005 19.867427341514983 50 5 43 5e-11
v 384 176 384 208 0 0 40 5 0 0 0.5
g 384 176 384 160 0 0
S 192 320 272 320 0 0 false 0 2
w 608 384 640 384 0
w 608 272 640 272 0
153 512 272 608 272 0 2 5 5
153 512 384 608 384 0 2 0 5
w 608 272 608 304 0
w 608 304 608 320 0
w 608 320 480 320 0
w 480 320 480 352 0
w 608 384 608 352 0
w 480 352 480 368 0
w 480 368 512 368 0
w 608 352 608 336 0
w 608 336 496 336 0
w 496 336 496 288 0
w 496 288 512 288 0
w 448 400 512 400 0
x 503 244 520 247 4 24 R
x 505 391 521 394 4 24 S
x 639 378 657 381 6 24 Q
x 635 257 653 260 4 24 Q
g 192 320 176 320 0 0
r 400 256 400 288 0 100000
w 512 256 448 256 0
w 448 256 448 304 0
w 448 400 448 352 0
r 352 256 352 288 0 100000
w 448 304 400 304 0
w 400 304 304 304 0
w 400 304 400 288 0
w 304 304 272 304 0
w 272 336 352 336 0
w 352 336 448 336 0
w 448 336 448 352 0
w 352 336 352 288 0
w 352 256 352 240 0
w 400 256 400 240 0
w 352 240 368 240 0
w 400 240 384 240 0
w 384 240 368 240 0
w 384 240 384 208 0
