$ 1 0.0000049999999999999996 10.20027730826997 58 5 43 5e-11
v 304 208 304 160 0 0 40 5 0 0 0.5
t 208 144 224 144 0 1 -2.2987116840019017 0.20128827733021115 100 default
r 144 144 176 144 0 10000
w 144 144 128 144 0
w 128 144 112 144 0
r 224 48 224 80 0 220
w 304 96 304 64 0
t 464 192 480 192 0 1 0.24822743615047582 0.6143653058549678 100 default
t 512 128 528 128 0 1 0.2482274361505452 0.6143653058549716 100 default
r 432 128 464 128 0 10000
r 416 192 448 192 0 10000
v 624 192 624 144 0 0 40 5 0 0 0.5
w 496 128 512 128 0
w 416 192 384 192 0
w 448 192 464 192 0
w 384 80 384 128 0
w 464 128 496 128 0
w 432 128 384 128 0
w 480 208 480 240 0
w 480 240 528 240 0
r 608 240 560 240 0 1000
w 624 192 624 240 0
w 624 240 608 240 0
w 560 240 528 240 0
r 528 64 528 96 0 220
w 624 80 624 144 0
w 528 144 528 240 0
152 464 352 480 352 0 2 5 5
v 576 368 576 320 0 0 40 5 0 0 0.5
r 544 288 496 288 0 1000
w 576 320 576 288 0
w 576 288 544 288 0
w 496 288 432 288 0
w 432 288 432 336 0
w 432 336 464 336 0
w 432 336 432 368 0
w 432 368 464 368 0
r 560 384 512 384 0 1000
w 480 352 512 352 0
w 512 352 512 384 0
w 560 384 576 384 0
w 576 368 576 384 0
r 480 64 480 96 0 220
w 624 80 624 64 0
w 528 64 528 48 0
w 480 64 480 48 0
w 384 80 384 48 0
w 384 48 480 48 0
w 480 48 528 48 0
w 528 48 624 48 0
w 624 48 624 64 0
w 480 96 480 176 0
w 528 96 528 112 0
w 384 192 384 128 0
w 304 64 304 32 0
w 112 32 224 32 0
w 176 144 208 144 0
v -144 400 -144 352 0 0 40 5 0 0 0.5
t 32 400 48 400 0 1 0.5547624425889063 0.6761960109719247 100 default
s -80 400 -48 400 0 0 false
r -16 400 16 400 0 10000
w 16 400 32 400 0
w -48 400 -16 400 0
w -80 400 -96 400 0
w -144 352 -144 336 0
w -144 336 -96 336 0
w -96 336 -96 400 0
w -96 336 -96 304 0
w -96 304 -96 288 0
w -96 288 32 288 0
w 32 288 48 288 0
r 48 304 48 336 0 220
w 48 304 48 288 0
162 160 368 160 400 2 default-led 1 0 0 0.01
w 48 416 48 448 0
w 160 368 160 352 0
w 160 352 48 352 0
w 160 400 160 448 0
w 48 336 48 352 0
w 48 352 48 384 0
w -144 400 -144 448 0
w 160 448 128 448 0
w 96 448 48 448 0
w 48 448 -32 448 0
w -64 448 -144 448 0
w -32 448 -64 448 0
w 128 448 96 448 0
w 224 160 224 192 0
s 80 144 112 144 0 1 false
s 80 208 112 208 0 1 false
t 208 208 224 208 0 1 -2.298711707513138 0.2012882773276588 100 default
w 80 208 64 208 0
w 64 208 64 144 0
w 64 144 80 144 0
w 64 144 64 32 0
w 64 32 112 32 0
w 112 208 128 208 0
w 128 208 144 208 0
w 176 208 208 208 0
w 224 224 224 240 0
r 144 208 176 208 0 10000
w 224 32 224 48 0
w 224 80 224 112 0
w 224 112 224 128 0
w 304 96 304 112 0
w 304 160 304 112 0
w 304 208 304 224 0
w 304 240 304 224 0
w 304 32 224 32 0
t -240 160 -224 160 0 1 -4.60314582704901 0.39685371215657644 100 default
v -176 176 -176 128 0 0 40 5 0 0 0.5
w -176 128 -176 96 0
w -288 96 -288 160 0
r -272 160 -240 160 0 1000000000
w -288 160 -272 160 0
w -224 176 -224 224 0
w -224 224 -176 224 0
w -176 224 -176 176 0
r -224 112 -224 144 0 1
w -224 112 -224 96 0
w -288 96 -224 96 0
w -224 96 -176 96 0
a 240 288 240 336 9 15 -15 1000000 0 0 100000
w 224 240 272 240 0
w 272 240 304 240 0
