$ 1 0.0000049999999999999996 10.20027730826997 58 5 43 5e-11
s 352 80 448 80 0 0 false
v 448 352 448 80 0 0 40 33 0 0 0.5
t 272 224 288 224 0 1 -4.3628252248889785 0.7208366194446377 100 default
w 352 80 288 80 0
w 288 240 288 352 0
w 288 352 448 352 0
v 128 256 128 208 0 0 40 1 0 0 0.5
w 128 256 128 352 0
w 128 352 288 352 0
r 288 112 288 176 0 220
r 160 160 160 192 0 220
w 272 224 160 224 3
w 160 224 160 192 0
w 128 208 128 128 0
w 128 128 160 128 0
w 160 128 160 160 0
w 288 80 288 112 0
w 288 176 288 208 3
o 2 64 6 4098 8.93091901981579 0.0001 0 1
