$ 1 0.000005 10.20027730826997 50 5 43 5e-11
w 176 352 -16 352 0
w 176 352 272 352 0
x -67 323 -21 326 4 24 CLK
w 208 288 208 432 0
w 720 -80 736 -80 0
w 720 -32 720 -80 0
w 832 -32 720 -32 0
w 832 -16 832 -32 0
w 832 16 832 -16 0
w 832 -48 736 -48 0
w 832 -64 832 -48 0
w 832 -96 832 -64 0
153 736 16 832 16 0 2 5 5
153 736 -96 832 -96 0 2 0 5
w 832 -96 864 -96 0
w 832 16 864 16 0
150 640 -112 704 -112 0 2 0 5
150 640 32 704 32 0 2 0 5
w 624 -48 624 16 0
w 624 16 640 16 0
w 624 -48 624 -96 0
w 624 -96 640 -96 0
x 731 -122 748 -119 4 24 R
x 734 56 750 59 4 24 S
x 815 -105 833 -102 4 24 Q
x 816 52 834 55 6 24 Q
w 736 -112 704 -112 0
w 736 32 704 32 0
w 624 -48 592 -48 0
w 592 -48 592 144 0
w 736 -48 736 0 0
w 448 -48 448 0 0
w 448 32 416 32 0
w 448 -112 416 -112 0
x 528 52 546 55 6 24 Q
x 527 -105 545 -102 4 24 Q
x 446 56 462 59 4 24 S
x 443 -122 460 -119 4 24 R
w 544 16 576 16 0
w 544 -96 576 -96 0
153 448 -96 544 -96 0 2 0 5
153 448 16 544 16 0 2 5 5
w 544 -96 544 -64 0
w 544 -64 544 -48 0
w 544 -48 448 -48 0
w 544 16 544 -16 0
w 544 -16 544 -32 0
w 544 -32 432 -32 0
w 432 -32 432 -80 0
w 432 -80 448 -80 0
w 576 16 576 48 0
w 576 48 640 48 0
w 576 -96 576 -128 0
w 576 -128 640 -128 0
150 352 32 416 32 0 3 0 5
150 352 -112 416 -112 0 3 5 5
w 848 -192 336 -192 0
w 336 -192 336 -128 0
w 336 -128 352 -128 0
w 864 -96 864 -48 0
w 864 16 864 -16 0
w 864 -16 848 -16 0
w 848 -16 848 -192 0
w 864 -48 880 -48 0
w 880 -48 880 80 0
w 880 80 880 96 0
w 880 96 320 96 0
w 320 96 320 48 0
w 320 48 352 48 0
w 352 -112 272 -112 0
w 352 32 272 32 0
w 352 -96 336 -96 0
w 336 -96 336 -48 0
w 336 -48 304 -48 0
w 336 -48 336 16 0
w 336 16 352 16 0
w 304 -48 272 -48 0
I 480 144 528 144 0 0.5 5
w 592 144 528 144 0
w 304 -48 304 144 0
w 304 144 480 144 0
s 208 32 272 32 0 0 false
x 231 -133 243 -130 4 24 J
x 232 61 248 64 4 24 K
w 112 432 112 464 0
w 208 432 112 432 0
x 232 461 248 464 4 24 K
x 237 259 249 262 4 24 J
s 208 432 272 432 0 0 false
s 208 288 272 288 0 0 false
w 304 544 480 544 0
w 304 352 304 544 0
w 592 544 528 544 0
I 480 544 528 544 0 0.5 5
w 304 352 272 352 0
w 336 416 352 416 0
w 336 352 336 416 0
w 336 352 304 352 0
w 336 304 336 352 0
w 352 304 336 304 0
w 352 432 272 432 0
w 352 288 272 288 0
w 320 448 352 448 0
w 320 496 320 448 0
w 880 496 320 496 0
w 880 480 880 496 0
w 880 352 880 480 0
w 864 352 880 352 0
w 848 384 848 208 0
w 864 384 848 384 0
w 864 416 864 384 0
w 864 304 864 352 0
w 336 272 352 272 0
w 336 208 336 272 0
w 848 208 336 208 0
150 352 288 416 288 0 3 0 5
150 352 432 416 432 0 3 0 5
w 576 272 640 272 0
w 576 304 576 272 0
w 576 448 640 448 0
w 576 416 576 448 0
w 432 320 448 320 0
w 432 368 432 320 0
w 544 368 432 368 0
w 544 384 544 368 0
w 544 416 544 384 0
w 544 352 448 352 0
w 544 336 544 352 0
w 544 304 544 336 0
153 448 416 544 416 0 2 5 5
153 448 304 544 304 0 2 0 5
w 544 304 576 304 0
w 544 416 576 416 0
x 443 278 460 281 4 24 R
x 446 456 462 459 4 24 S
x 527 295 545 298 4 24 Q
x 528 452 546 455 6 24 Q
w 448 288 416 288 0
w 448 432 416 432 0
w 448 352 448 400 0
w 736 352 736 400 0
w 592 352 592 544 0
w 624 352 592 352 0
w 736 432 704 432 0
w 736 288 704 288 0
x 816 452 834 455 6 24 Q
x 815 295 833 298 4 24 Q
x 734 456 750 459 4 24 S
x 731 278 748 281 4 24 R
w 624 304 640 304 0
w 624 352 624 304 0
w 624 416 640 416 0
w 624 352 624 416 0
150 640 432 704 432 0 2 5 5
150 640 288 704 288 0 2 0 5
g 112 512 112 528 0 0
v 112 512 112 464 0 0 40 5 0 0 0.5
w 832 416 864 416 0
w 832 304 864 304 0
153 736 304 832 304 0 2 5 5
153 736 416 832 416 0 2 0 5
w 832 304 832 336 0
w 832 336 832 352 0
w 832 352 736 352 0
w 832 416 832 384 0
w 832 384 832 368 0
w 832 368 720 368 0
w 720 368 720 320 0
w 720 320 736 320 0
v -80 400 -80 352 0 0 40 5 0 0 0.5
g -80 400 -80 416 0 0
s -80 352 -16 352 0 1 true
s 208 -112 272 -112 0 0 false
g 992 -96 1008 -96 0 0
r 976 -96 992 -96 0 1000
162 944 -96 976 -96 2 default-led 1 0 0 0.01
g 992 304 1008 304 0 0
r 976 304 992 304 0 1000
162 944 304 976 304 2 default-led 1 0 0 0.01
w 864 304 944 304 0
w 928 -96 864 -96 0
w 928 -96 944 -96 0
x 280 337 326 340 4 24 CLK
x 281 -59 327 -56 4 24 CLK
w 864 304 864 192 0
w 864 192 176 192 0
w 272 -48 176 -48 0
w 176 -48 176 192 0
w 176 -432 176 -208 0
w 272 -432 176 -432 0
x 281 -443 327 -440 4 24 CLK
w 928 -480 944 -480 0
w 928 -480 864 -480 0
162 944 -480 976 -480 2 default-led 1 0 0 0.01
r 976 -480 992 -480 0 1000
g 992 -480 1008 -480 0 0
s 208 -496 272 -496 0 0 false
x 232 -323 248 -320 4 24 K
x 231 -517 243 -514 4 24 J
s 208 -352 272 -352 0 0 false
w 304 -240 480 -240 0
w 304 -432 304 -240 0
w 592 -240 528 -240 0
I 480 -240 528 -240 0 0.5 5
w 304 -432 272 -432 0
w 336 -368 352 -368 0
w 336 -432 336 -368 0
w 336 -432 304 -432 0
w 336 -480 336 -432 0
w 352 -480 336 -480 0
w 352 -352 272 -352 0
w 352 -496 272 -496 0
w 320 -336 352 -336 0
w 320 -288 320 -336 0
w 880 -288 320 -288 0
w 880 -304 880 -288 0
w 880 -432 880 -304 0
w 864 -432 880 -432 0
w 848 -400 848 -576 0
w 864 -400 848 -400 0
w 864 -368 864 -400 0
w 864 -480 864 -432 0
w 336 -512 352 -512 0
w 336 -576 336 -512 0
w 848 -576 336 -576 0
150 352 -496 416 -496 0 3 0 5
150 352 -352 416 -352 0 3 0 5
w 576 -512 640 -512 0
w 576 -480 576 -512 0
w 576 -336 640 -336 0
w 576 -368 576 -336 0
w 432 -464 448 -464 0
w 432 -416 432 -464 0
w 544 -416 432 -416 0
w 544 -400 544 -416 0
w 544 -368 544 -400 0
w 544 -432 448 -432 0
w 544 -448 544 -432 0
w 544 -480 544 -448 0
153 448 -368 544 -368 0 2 5 5
153 448 -480 544 -480 0 2 0 5
w 544 -480 576 -480 0
w 544 -368 576 -368 0
x 443 -506 460 -503 4 24 R
x 446 -328 462 -325 4 24 S
x 527 -489 545 -486 4 24 Q
x 528 -332 546 -329 6 24 Q
w 448 -496 416 -496 0
w 448 -352 416 -352 0
w 448 -432 448 -384 0
w 736 -432 736 -384 0
w 592 -432 592 -240 0
w 624 -432 592 -432 0
w 736 -352 704 -352 0
w 736 -496 704 -496 0
x 816 -332 834 -329 6 24 Q
x 815 -489 833 -486 4 24 Q
x 734 -328 750 -325 4 24 S
x 731 -506 748 -503 4 24 R
w 624 -480 640 -480 0
w 624 -432 624 -480 0
w 624 -368 640 -368 0
w 624 -432 624 -368 0
150 640 -352 704 -352 0 2 5 5
150 640 -496 704 -496 0 2 0 5
w 832 -368 864 -368 0
w 832 -480 864 -480 0
153 736 -480 832 -480 0 2 5 5
153 736 -368 832 -368 0 2 0 5
w 832 -480 832 -448 0
w 832 -448 832 -432 0
w 832 -432 736 -432 0
w 832 -368 832 -400 0
w 832 -400 832 -416 0
w 832 -416 720 -416 0
w 720 -416 720 -464 0
w 720 -464 736 -464 0
w 864 -96 864 -208 0
w 864 -208 176 -208 0
w 208 -496 208 -352 0
w 208 -352 208 -112 0
w 208 -112 208 32 0
w 208 32 208 288 0
w 208 -736 208 -496 0
w 208 -880 208 -736 0
w 864 -592 176 -592 0
w 864 -480 864 -592 0
w 720 -848 736 -848 0
w 720 -800 720 -848 0
w 832 -800 720 -800 0
w 832 -784 832 -800 0
w 832 -752 832 -784 0
w 832 -816 736 -816 0
w 832 -832 832 -816 0
w 832 -864 832 -832 0
153 736 -752 832 -752 0 2 0 5
153 736 -864 832 -864 0 2 5 5
w 832 -864 864 -864 0
w 832 -752 864 -752 0
150 640 -880 704 -880 0 2 0 5
150 640 -736 704 -736 0 2 0 5
w 624 -816 624 -752 0
w 624 -752 640 -752 0
w 624 -816 624 -864 0
w 624 -864 640 -864 0
x 731 -890 748 -887 4 24 R
x 734 -712 750 -709 4 24 S
x 815 -873 833 -870 4 24 Q
x 816 -716 834 -713 6 24 Q
w 736 -880 704 -880 0
w 736 -736 704 -736 0
w 624 -816 592 -816 0
w 592 -816 592 -624 0
w 736 -816 736 -768 0
w 448 -816 448 -768 0
w 448 -736 416 -736 0
w 448 -880 416 -880 0
x 528 -716 546 -713 6 24 Q
x 527 -873 545 -870 4 24 Q
x 446 -712 462 -709 4 24 S
x 443 -890 460 -887 4 24 R
w 544 -752 576 -752 0
w 544 -864 576 -864 0
153 448 -864 544 -864 0 2 5 5
153 448 -752 544 -752 0 2 0 5
w 544 -864 544 -832 0
w 544 -832 544 -816 0
w 544 -816 448 -816 0
w 544 -752 544 -784 0
w 544 -784 544 -800 0
w 544 -800 432 -800 0
w 432 -800 432 -848 0
w 432 -848 448 -848 0
w 576 -752 576 -720 0
w 576 -720 640 -720 0
w 576 -864 576 -896 0
w 576 -896 640 -896 0
150 352 -736 416 -736 0 3 5 5
150 352 -880 416 -880 0 3 0 5
w 848 -960 336 -960 0
w 336 -960 336 -896 0
w 336 -896 352 -896 0
w 864 -864 864 -816 0
w 864 -752 864 -784 0
w 864 -784 848 -784 0
w 848 -784 848 -960 0
w 864 -816 880 -816 0
w 880 -816 880 -688 0
w 880 -688 880 -672 0
w 880 -672 320 -672 0
w 320 -672 320 -720 0
w 320 -720 352 -720 0
w 352 -880 272 -880 0
w 352 -736 272 -736 0
w 352 -864 336 -864 0
w 336 -864 336 -816 0
w 336 -816 304 -816 0
w 336 -816 336 -752 0
w 336 -752 352 -752 0
w 304 -816 272 -816 0
I 480 -624 528 -624 0 0.5 5
w 592 -624 528 -624 0
w 304 -816 304 -624 0
w 304 -624 480 -624 0
s 208 -736 272 -736 0 0 false
x 231 -901 243 -898 4 24 J
x 232 -707 248 -704 4 24 K
s 208 -880 272 -880 0 0 false
g 992 -864 1008 -864 0 0
r 976 -864 992 -864 0 1000
162 944 -864 976 -864 2 default-led 1 0 0 0.01
w 928 -864 864 -864 0
w 928 -864 944 -864 0
x 281 -827 327 -824 4 24 CLK
w 272 -816 176 -816 0
w 176 -816 176 -592 0
