$ 1 0.000005 1.1208435524800693 50 5 50 5e-11
156 -352 48 -272 48 0 0
v -560 128 -560 80 0 0 40 5 0 0 0.5
g -560 128 -560 144 0 0
x -618 87 -572 90 4 24 CLK
s -560 80 -496 80 0 1 true
w -352 80 -384 80 0
w -384 80 -416 80 0
w -416 80 -464 80 0
w -464 80 -496 80 0
w -560 80 -560 48 0
w -352 112 -496 112 0
w -496 112 -496 48 0
w -352 48 -496 48 0
w -496 48 -560 48 0
156 -352 -96 -272 -96 0 0
w -256 48 -240 48 0
w -240 48 -240 0 0
w -240 0 -432 0 0
w -352 -32 -432 -32 0
w -352 -96 -432 -96 0
162 -144 -96 -112 -96 2 default-led 1 0 0 0.01
r -112 -96 -96 -96 0 1000
g -96 -96 -80 -96 0 0
g -96 48 -80 48 0 0
r -112 48 -96 48 0 1000
162 -144 48 -112 48 2 default-led 1 0 0 0.01
w -144 48 -240 48 0
156 -352 -224 -272 -224 0 0
156 -352 -368 -272 -368 0 0
w -352 -160 -432 -160 0
w -352 -304 -432 -304 0
w -352 -224 -432 -224 0
w -352 -368 -432 -368 0
w -416 -192 -352 -192 0
w -416 -336 -352 -336 0
g -96 -224 -80 -224 0 0
r -112 -224 -96 -224 0 1000
162 -144 -224 -112 -224 2 default-led 1 0 0 0.01
w -144 -368 -256 -368 0
g -96 -368 -80 -368 0 0
r -112 -368 -96 -368 0 1000
162 -144 -368 -112 -368 2 default-led 1 0 0 0.01
w -432 -128 -240 -128 0
w -240 -128 -240 -96 0
w -432 -272 -240 -272 0
w -240 -272 -240 -224 0
w -144 -224 -240 -224 0
w -240 -224 -256 -224 0
w -256 -96 -240 -96 0
w -240 -96 -144 -96 0
w -352 -64 -432 -64 0
w -416 -192 -432 -192 0
w -416 -336 -432 -336 0
w -432 -64 -448 -64 0
w -448 -64 -448 0 0
w -448 0 -432 0 0
w -448 -192 -432 -192 0
w -448 -336 -432 -336 0
w -432 -368 -544 -368 0
w -432 -304 -544 -304 0
w -432 -32 -560 -32 0
w -432 -96 -560 -96 0
w -432 -160 -560 -160 0
w -432 -224 -560 -224 0
w -544 -304 -560 -304 0
w -544 -368 -560 -368 0
w -560 -368 -560 -304 0
w -560 -304 -560 -224 0
w -560 -224 -560 -160 0
w -560 -160 -560 -96 0
w -560 -96 -560 -32 0
w -560 -32 -560 48 0
w -448 -192 -448 -128 0
w -448 -128 -432 -128 0
w -448 -336 -448 -272 0
w -448 -272 -432 -272 0
