$ 1 0.000005 10.20027730826997 50 5 43 5e-11
w 176 352 272 352 0
x 77 323 123 326 4 24 CLK
w 208 288 208 432 0
w 112 432 112 464 0
w 208 432 112 432 0
x 232 461 248 464 4 24 K
x 237 259 249 262 4 24 J
s 208 432 272 432 0 0 false
s 208 288 272 288 0 0 false
w 304 544 480 544 0
w 304 352 304 544 0
w 592 544 528 544 0
I 480 544 528 544 0 0.5 5
w 304 352 272 352 0
w 336 416 352 416 0
w 336 352 336 416 0
w 336 352 304 352 0
w 336 304 336 352 0
w 352 304 336 304 0
w 352 432 272 432 0
w 352 288 272 288 0
w 320 448 352 448 0
w 320 496 320 448 0
w 880 496 320 496 0
w 880 480 880 496 0
w 880 352 880 480 0
w 864 352 880 352 0
w 848 384 848 208 0
w 864 384 848 384 0
w 864 416 864 384 0
w 864 304 864 352 0
w 336 272 352 272 0
w 336 208 336 272 0
w 848 208 336 208 0
150 352 288 416 288 0 3 0 5
150 352 432 416 432 0 3 0 5
w 576 272 640 272 0
w 576 304 576 272 0
w 576 448 640 448 0
w 576 416 576 448 0
w 432 320 448 320 0
w 432 368 432 320 0
w 544 368 432 368 0
w 544 384 544 368 0
w 544 416 544 384 0
w 544 352 448 352 0
w 544 336 544 352 0
w 544 304 544 336 0
153 448 416 544 416 0 2 0 5
153 448 304 544 304 0 2 5 5
w 544 304 576 304 0
w 544 416 576 416 0
x 443 278 460 281 4 24 R
x 446 456 462 459 4 24 S
x 527 295 545 298 4 24 Q
x 528 452 546 455 6 24 Q
w 448 288 416 288 0
w 448 432 416 432 0
w 448 352 448 400 0
w 736 352 736 400 0
w 592 352 592 544 0
w 624 352 592 352 0
w 736 432 704 432 0
w 736 288 704 288 0
x 816 452 834 455 6 24 Q
x 815 295 833 298 4 24 Q
x 734 456 750 459 4 24 S
x 731 278 748 281 4 24 R
w 624 304 640 304 0
w 624 352 624 304 0
w 624 416 640 416 0
w 624 352 624 416 0
150 640 432 704 432 0 2 0 5
150 640 288 704 288 0 2 5 5
g 112 512 112 528 0 0
v 112 512 112 464 0 0 40 5 0 0 0.5
w 832 416 864 416 0
w 832 304 864 304 0
153 736 304 832 304 0 2 0 5
153 736 416 832 416 0 2 5 5
w 832 304 832 336 0
w 832 336 832 352 0
w 832 352 736 352 0
w 832 416 832 384 0
w 832 384 832 368 0
w 832 368 720 368 0
w 720 368 720 320 0
w 720 320 736 320 0
v 64 400 64 352 0 0 40 5 0 0 0.5
g 64 400 64 416 0 0
s 64 352 128 352 0 1 true
g 992 304 1008 304 0 0
r 976 304 992 304 0 1000
162 944 304 976 304 2 default-led 1 0 0 0.01
w 864 304 944 304 0
x 280 337 326 340 4 24 CLK
w 176 352 128 352 0
