$ 1 0.000005 0.575460267600573 50 5 50 5e-11
w 720 320 736 320 0
w 720 368 720 320 0
w 832 368 720 368 0
w 832 384 832 368 0
w 704 400 736 400 0
w 704 384 704 400 0
w 832 416 832 384 0
w 704 352 704 384 0
w 832 352 704 352 0
w 832 336 832 352 0
w 832 304 832 336 0
153 736 416 832 416 0 2 0 5
153 736 304 832 304 0 2 5 5
w 832 304 864 304 0
w 832 416 864 416 0
v 352 512 352 464 0 0 40 5 0 0 0.5
r 864 304 912 304 0 220
r 864 416 912 416 0 220
g 912 304 928 304 0 0
g 352 512 352 528 0 0
g 912 416 928 416 0 0
150 560 288 624 288 0 3 0 5
150 560 432 624 432 0 3 0 5
w 736 288 624 288 0
w 736 432 624 432 0
w 512 352 544 352 0
w 544 352 544 416 0
w 544 416 560 416 0
w 544 352 544 304 0
w 544 304 560 304 0
x 731 278 748 281 4 24 R
x 734 456 750 459 4 24 S
x 815 295 833 298 4 24 Q
x 816 452 834 455 6 24 Q
x 504 344 537 347 4 24 EN
s 432 352 464 352 0 1 true
w 512 352 464 352 0
s 432 448 464 448 0 0 false
s 432 272 464 272 0 0 false
w 560 272 464 272 0
w 464 448 560 448 0
x 537 260 554 263 4 24 R
x 540 468 556 471 4 24 S
w 432 272 352 272 0
w 432 448 352 448 0
w 432 352 352 352 0
w 352 464 352 448 0
w 352 448 352 352 0
w 352 352 352 272 0
w 560 288 512 288 0
w 560 432 512 432 0
w 864 304 864 224 0
w 864 224 512 224 0
w 512 224 512 288 0
w 864 416 864 480 0
w 512 432 512 480 0
w 512 480 864 480 0
o 36 2 0 4099 0.0000762939453125 0.00009765625 0 2 36 3
o 14 2 0 4099 0.0000762939453125 0.00009765625 1 2 14 3
