$ 1 0.000005 10.20027730826997 50 5 43 5e-11
w 288 288 320 288 0
150 144 288 224 288 0 2 0 5
s 48 304 96 304 0 1 false
w 96 304 144 304 0
s 48 272 96 272 0 1 false
x 237 277 267 280 4 24 R3
x 55 333 88 336 4 24 EN
v -16 400 -16 368 0 0 40 5 0 0 0.5
g -16 400 -16 416 0 0
w -16 368 -16 304 0
w -16 304 48 304 0
w 96 272 144 272 0
x 55 260 92 263 4 24 BIT
w 48 272 -16 272 0
w -16 272 -16 304 0
w -16 96 -16 128 0
w 48 96 -16 96 0
x 55 84 92 87 4 24 BIT
w 96 96 144 96 0
w -16 128 48 128 0
w -16 192 -16 128 0
g -16 224 -16 240 0 0
v -16 224 -16 192 0 0 40 5 0 0 0.5
x 55 157 88 160 4 24 EN
x 237 101 267 104 4 24 R2
s 48 96 96 96 0 1 false
w 96 128 144 128 0
s 48 128 96 128 0 1 false
150 144 112 224 112 0 2 0 5
w 288 112 320 112 0
w -16 -80 -16 -48 0
w 48 -80 -16 -80 0
x 55 -92 92 -89 4 24 BIT
w 96 -80 144 -80 0
w -16 -48 48 -48 0
w -16 16 -16 -48 0
g -16 48 -16 64 0 0
v -16 48 -16 16 0 0 40 5 0 0 0.5
x 55 -19 88 -16 4 24 EN
x 237 -75 267 -72 4 24 R1
s 48 -80 96 -80 0 0 false
w 96 -48 144 -48 0
s 48 -48 96 -48 0 0 false
150 144 -64 224 -64 0 2 5 5
w 288 -64 320 -64 0
w 320 -208 320 -64 0
g 320 400 320 416 0 0
r 320 -64 320 112 0 1000
r 320 112 320 288 0 1000
r 320 288 320 400 0 1000
w 288 -64 224 -64 0
w 288 112 224 112 0
w 288 288 224 288 0
x 54 -203 233 -200 4 24 Without\sTri-State
x -413 -167 300 -164 4 24 The\sR2\sis\sdraining\sthe\scurrent\sfrom\sR1\sand\sthus\sit\scan't\sreach\sto\sR3
180 464 -64 528 -64 0 0.1 10000000000 100000000
v 384 32 384 0 0 0 40 5 0 0 0.5
g 384 32 384 48 0 0
s 416 -16 464 -16 0 1 false
x 426 14 459 17 4 24 EN
s 416 -64 464 -64 0 1 false
w 496 -32 496 -16 0
w 496 -16 464 -16 0
w 496 -32 496 -48 0
w 384 0 384 -16 0
w 384 -16 416 -16 0
w 384 -16 384 -64 0
w 384 -64 416 -64 0
x 422 -86 459 -83 4 24 BIT
x 422 90 459 93 4 24 BIT
w 384 112 416 112 0
w 384 160 384 112 0
w 384 160 416 160 0
w 384 176 384 160 0
w 496 144 496 128 0
w 496 160 464 160 0
w 496 144 496 160 0
s 416 112 464 112 0 1 false
x 426 190 459 193 4 24 EN
s 416 160 464 160 0 1 false
g 384 208 384 224 0 0
v 384 208 384 176 0 0 40 5 0 0 0.5
180 464 112 528 112 0 0.1 10000000000 100000000
x 422 266 459 269 4 24 BIT
w 384 288 416 288 0
w 384 336 384 288 0
w 384 336 416 336 0
w 384 352 384 336 0
w 496 320 496 304 0
w 496 336 464 336 0
w 496 320 496 336 0
s 416 288 464 288 0 1 false
x 426 366 459 369 4 24 EN
s 416 336 464 336 0 1 false
g 384 384 384 400 0 0
v 384 384 384 352 0 0 40 5 0 0 0.5
180 464 288 528 288 0 0.1 10000000000 100000000
w 528 -64 560 -64 0
w 528 112 560 112 0
w 528 288 560 288 0
w 560 -208 560 -64 2
w 560 -64 560 112 2
w 560 112 560 288 2
w 560 288 560 384 2
x 383 -209 528 -206 4 24 With\sTri-State
